6	header
postResults v2.0.2	--cr texture,f,p --time 512grains512_tensionX.spectralOut
addCauchy v2.0.2	512grains512_tensionX.txt
addStrainTensors v2.0.2	--left --logarithmic 512grains512_tensionX.txt
addMises v2.0.2	-s Cauchy 512grains512_tensionX.txt
addMises v2.0.2	-e ln(V) 512grains512_tensionX.txt
inc	time	elem	node	ip	grain	1_pos	2_pos	3_pos	texture	1_f	2_f	3_f	4_f	5_f	6_f	7_f	8_f	9_f	1_p	2_p	3_p	4_p	5_p	6_p	7_p	8_p	9_p	1_Cauchy	2_Cauchy	3_Cauchy	4_Cauchy	5_Cauchy	6_Cauchy	7_Cauchy	8_Cauchy	9_Cauchy	1_ln(V)	2_ln(V)	3_ln(V)	4_ln(V)	5_ln(V)	6_ln(V)	7_ln(V)	8_ln(V)	9_ln(V)	Mises(Cauchy)	Mises(ln(V))
0	0.0	nan	nan	1	1	0.25	0.25	0.25	256.5	1.0	0.0	0.0	0.0	1.0	0.0	0.0	0.0	1.0	6.13798216321e-12	-5.13004670219e-13	9.78207603579e-14	-5.13004670219e-13	6.92654119504e-12	4.30065306802e-13	9.78207603579e-14	4.30065306802e-13	7.3844186606e-12	6.13798216321e-12	-5.13004670219e-13	9.78207603579e-14	-5.13004670219e-13	6.92654119504e-12	4.30065306802e-13	9.78207603579e-14	4.30065306802e-13	7.3844186606e-12	0.0	0.0	0.0	0.0	0.0	0.0	0.0	0.0	0.0	1.6017606294e-12	0.0
4	2.0	nan	nan	1	1	0.25	0.25	0.25	256.5	1.0002	2.18375681714e-22	-1.5617169965e-21	-2.47327003153e-22	0.999937780358	-1.07533479632e-21	-7.94093388051e-22	3.70576914424e-22	0.999942801146	40.6589855282	0.544049067154	0.618984960186	0.543906435299	7.11829240816e-06	-0.271789555812	0.618825790032	-0.271790920742	1.04696510501e-05	40.6638413983	0.543971393639	0.618899695666	0.543971393609	7.11727613439e-06	-0.27175211709	0.6188996959	-0.271752117337	1.04682088668e-05	0.000199980002666	0.0	0.0	0.0	-6.22215777218e-05	0.0	0.0	0.0	-5.72004899164e-05	40.6915919441	0.000173151626453
8	4.0	nan	nan	1	1	0.25	0.25	0.25	256.5	1.0004	1.19114008208e-21	1.71557259043e-21	-3.35008148084e-22	0.999875542642	1.99846835993e-21	9.3967717586e-22	1.05879118407e-21	0.999885585155	81.3437565268	1.08843938347	1.23831774075	1.08786877168	-3.13502080816e-07	-0.543644459163	1.23768098643	-0.543649919406	-1.93675066427e-07	81.3631907728	1.08812867987	1.23797668701	1.08812867988	-3.13412589177e-07	-0.543494730246	1.23797668702	-0.543494730253	-1.93621725024e-07	0.000399920021327	0.0	0.0	0.0	-0.000124465103459	0.0	0.0	0.0	-0.000114421390877	81.4187008276	0.000346290733205
12	6.0	nan	nan	1	1	0.25	0.25	0.25	256.5	1.0006	9.3967717586e-22	2.80248791533e-21	5.63309997149e-22	0.999813286879	-4.76456032831e-22	3.61312491563e-21	1.4823076577e-21	0.999828352155	122.054341775	1.63317185607	1.85799725405	1.63188778878	1.4230843454e-07	-0.815563636947	1.85656439419	-0.815575925936	1.86919282146e-07	122.098093052	1.63247275098	1.85722989337	1.63247275097	1.42247517159e-07	-0.815226805733	1.85722989337	-0.815226805736	1.86842083696e-07	0.000599820071968	0.0	0.0	0.0	-0.000186730554065	0.0	0.0	0.0	-0.000171662578177	122.181344245	0.000519417282621
16	8.0	nan	nan	1	1	0.25	0.25	0.25	256.5	1.0008	2.03817302933e-21	1.97861602523e-21	-5.31877133872e-22	0.999750948892	-6.48509600242e-21	1.90582413132e-21	-1.87935435172e-21	0.999770994794	162.703624811	2.18419098259	2.47533792117	2.18190149478	7.68972856238e-05	-1.07870107869	2.47279282624	-1.07872271331	1.56506547222e-05	162.781434219	2.18294493232	2.47397538009	2.18294494089	7.68534168028e-05	-1.07810731146	2.47397538469	-1.07810731716	1.56420398742e-05	0.000799680170564	0.0	0.0	0.0	-0.000249082126377	0.0	0.0	0.0	-0.000229031431696	162.89237129	0.000692588052399
20	10.0	nan	nan	1	1	0.25	0.25	0.25	256.5	1.001	-3.67929936464e-21	-5.39983503875e-21	1.56502571895e-21	0.999681517121	-3.74547381364e-21	-3.99693671986e-21	1.37642853929e-21	0.999709167255	197.511421744	2.77698379661	2.84459672739	2.77332610755	0.00251125582147	-1.3631914485	2.84092864504	-1.36322914685	0.00299162405475	197.631823596	2.77501665273	2.84266031106	2.77501671155	0.00250947691245	-1.36226347648	2.84266045917	-1.36226347039	0.00298958755178	0.000999500333083	0.0	0.0	0.0	-0.000318533605443	0.0	0.0	0.0	-0.000290875045045	197.762894669	0.000869616400176
24	12.0	nan	nan	1	1	0.25	0.25	0.25	256.5	1.0012	5.29395592034e-23	-1.70200682839e-20	2.92491064599e-21	0.99958679488	-1.58289282018e-20	6.74979379843e-21	-8.04681299892e-21	0.999636747267	214.080819296	3.13867482649	2.72120134868	3.13361759221	-0.000858688669764	-1.94133853776	2.71695209234	-1.94143594067	-0.000312658270083	214.247141013	3.13605211047	2.71906335179	3.1360521338	-0.000857971138751	-1.93981326446	2.71906292197	-1.93981365247	-0.000312412620341	0.00119928057548	0.0	0.0	0.0	-0.000413290512759	0.0	0.0	0.0	-0.000363318725256	214.394638913	0.00105878329215
28	14.0	nan	nan	1	1	0.25	0.25	0.25	256.5	1.0014	-4.87043944671e-21	2.12817027998e-20	-4.44857733431e-21	0.999480030573	2.32934060495e-20	3.00101126234e-21	4.55280209149e-21	0.999556798934	220.64485377	3.32805639639	2.70393192175	3.32167557359	-0.000630730148271	-2.39094118601	2.6989550494	-2.39112461597	-0.000203483812104	220.857526326	3.32487722043	2.70155643611	3.32487723101	-0.000630127633805	-2.38884067216	2.70155648632	-2.3888404582	-0.000203305045446	0.00139902091371	0.0	0.0	0.0	-0.000520104657982	0.0	0.0	0.0	-0.000443299308621	221.021289315	0.00125459916779
32	16.0	nan	nan	1	1	0.25	0.25	0.25	256.5	1.0016	6.40568666361e-21	5.13513724273e-21	5.42630481835e-21	0.999370792159	5.34689547954e-21	5.64798922251e-21	5.08219768353e-21	0.999473933839	224.427257616	3.43036146638	2.69982460416	3.42272668169	-0.000242496264551	-2.79357715292	2.6940938691	-2.79386541931	-0.000331826204765	224.686758014	3.4266843184	2.69720889029	3.42668430673	-0.000242236322659	-2.79087060728	2.69720899174	-2.79087055807	-0.000331504716322	0.0015987213637	0.0	0.0	0.0	-0.000629405875328	0.0	0.0	0.0	-0.000526204582351	224.865929654	0.00145224055066
36	18.0	nan	nan	1	1	0.25	0.25	0.25	256.5	1.0018	7.41153828848e-22	-1.69406589451e-20	1.13423005593e-20	0.999261234027	3.0704944338e-21	1.38337685643e-20	1.69406589451e-21	0.999389608931	227.270409812	3.47554790782	2.68469737812	3.46674003789	1.36553604569e-05	-3.17453039451	2.67823786475	-3.17493832559	-0.000207007715145	227.577344766	3.47142208717	2.68185486875	3.47142196589	1.36391501874e-05	-3.17116925874	2.68185489883	-3.17116935838	-0.000206788539094	0.00179838194138	0.0	0.0	0.0	-0.000739038995056	0.0	0.0	0.0	-0.000610577433469	227.770476799	0.00165046072027
40	20.0	nan	nan	1	1	0.25	0.25	0.25	256.5	1.002	-1.13820052287e-20	-2.08581863261e-20	-2.10964143426e-20	0.999150917106	6.98802181485e-21	7.18654516186e-21	4.23516473627e-21	0.999305202615	229.654264704	3.47524302925	2.63832622762	3.46536159078	-7.8092106558e-05	-3.4723085434	2.63123073869	-3.47284477273	-6.74309886762e-05	230.009235735	3.47071786211	2.6352976936	3.47071791621	-7.79904216308e-05	-3.46832268128	2.63529776827	-3.4683227284	-6.7353584661e-05	0.00199800266267	0.0	0.0	0.0	-0.000849443569057	0.0	0.0	0.0	-0.000695038868564	230.211515288	0.00184897951092
44	22.0	nan	nan	1	1	0.25	0.25	0.25	256.5	1.0022	-2.11758236814e-21	1.55642304058e-20	4.87043944671e-21	0.999040312567	-1.13290656695e-20	7.8085849825e-21	5.50571415715e-21	0.999220506121	231.712384094	3.46360633486	2.57206773888	3.45268642319	-0.000144034477387	-3.68958772229	2.5644211687	-3.69025324323	-4.3930173314e-05	232.115902094	3.45869916281	2.56888693985	3.45869914075	-0.000143830412059	-3.68502491981	2.56888700727	-3.68502496211	-4.38758461862e-05	0.00219758354349	0.0	0.0	0.0	-0.000960148227821	0.0	0.0	0.0	-0.000779797842323	232.323608661	0.0020476868314
48	24.0	nan	nan	1	1	0.25	0.25	0.25	256.5	1.0024	1.25996150904e-20	5.90276085118e-21	-1.2758433768e-20	0.99892970844	3.43048343638e-20	-3.1499037726e-21	-1.22819777352e-20	0.999135380256	233.520264714	3.4907130679	2.49493618703	3.47862828978	-6.20581568072e-05	-3.83129677225	2.48681069872	-3.83208572112	-3.56723626193e-05	233.972764744	3.4853689337	2.49162944657	3.48536894421	-6.19631483915e-05	-3.82621884517	2.49162947501	-3.82621895981	-3.56250831557e-05	0.00239712459972	0.0	0.0	0.0	-0.00107086473102	0.0	0.0	0.0	-0.000864993743245	234.184255172	0.00224651576868
52	26.0	nan	nan	1	1	0.25	0.25	0.25	256.5	1.0026	1.5881867761e-22	-1.18055217024e-20	1.51936534914e-20	0.998819161962	2.75285707858e-20	2.69991751937e-21	2.20228566286e-20	0.999049928811	235.1603635	3.54367946255	2.40487657259	3.530316147	-2.86550260883e-05	-3.93804080929	2.39636125562	-3.93895069512	3.76025852908e-05	235.662274029	3.5378509994	2.40147586235	3.53785101733	-2.86078957637e-05	-3.93247206791	2.40147588858	-3.93247211002	3.75494118772e-05	0.00259662584727	0.0	0.0	0.0	-0.00118153577657	0.0	0.0	0.0	-0.000950522792692	235.876977961	0.00244541001918
56	28.0	nan	nan	1	1	0.25	0.25	0.25	256.5	1.0028	1.72053567411e-21	4.52103835597e-20	2.14405214774e-20	0.998708807134	2.43521972336e-20	2.30684129229e-20	-2.79520872594e-20	0.998964119149	236.684683302	3.60080604742	2.30959649382	3.58611559737	-4.45115688206e-05	-4.04213408523	2.30076187852	-4.04316746058	4.64713926719e-05	237.23643266	3.59447539021	2.30612533289	3.59447539891	-4.44333120413e-05	-4.03605904228	2.30612531764	-4.03605907793	4.64015494405e-05	0.002796087302	0.0	0.0	0.0	-0.00129202717375	0.0	0.0	0.0	-0.00103641774637	237.45464669	0.00264432772771
60	30.0	nan	nan	1	1	0.25	0.25	0.25	256.5	1.003	-1.34995875969e-20	1.99582138197e-20	-1.08526096367e-20	0.998598605339	1.94817577868e-20	-5.29395592034e-21	4.9974943888e-20	0.99887802243	238.109629355	3.65322304936	2.20833806833	3.63719188257	-7.40083379188e-05	-4.14434125964	2.19926260868	-4.14550089619	7.09930630728e-05	238.711612274	3.64638732567	2.20482269648	3.6463873418	-7.38698573108e-05	-4.13774403577	2.20482273042	-4.13774404743	7.08800518363e-05	0.0029955089798	0.0	0.0	0.0	-0.00140237753287	0.0	0.0	0.0	-0.00112260745802	238.933190404	0.00284325947808
64	32.0	nan	nan	1	1	0.25	0.25	0.25	256.5	1.0032	-2.60992026873e-20	-2.82697246146e-20	6.67038445963e-21	0.998488534013	-4.78573615199e-20	-2.84550130718e-20	1.27054942088e-20	0.998791706588	239.458337337	3.70016448344	2.11232177231	3.68278689089	-4.39849410959e-05	-4.23338958219	2.10303975276	-4.23467496381	8.10621363545e-05	240.110942817	3.69282374051	2.10877123982	3.69282373878	-4.38976795305e-05	-4.22627381628	2.10877125196	-4.22627380748	8.09258816643e-05	0.00319489089652	0.0	0.0	0.0	-0.00151260940402	0.0	0.0	0.0	-0.00120902398704	240.335373448	0.00304219180806
68	34.0	nan	nan	1	1	0.25	0.25	0.25	256.5	1.0034	3.22931311141e-21	3.94929111657e-20	-9.3173624198e-21	0.998378556196	-2.37169225231e-20	3.32857478491e-21	4.23516473627e-21	0.998705253853	240.754143163	3.74677332356	2.01773368883	3.72802285132	-3.59268575839e-05	-4.30625327377	2.00829302123	-4.30766238801	6.89980720008e-05	241.457772988	3.7389184104	2.01416249155	3.73891839825	-3.58515388171e-05	-4.29863161384	2.01416247315	-4.29863160044	6.88759519565e-05	0.00339423306802	0.0	0.0	0.0	-0.0016227597667	0.0	0.0	0.0	-0.00129558505499	241.68448843	0.00324111278636
72	36.0	nan	nan	1	1	0.25	0.25	0.25	256.5	1.0036	-2.74756312266e-20	-6.70214819515e-20	2.11758236814e-22	0.998268662069	4.23516473627e-21	-2.0166663334e-20	-4.23516473627e-21	0.998618700221	242.010445117	3.79160410592	1.92827143592	3.77146225206	-1.21420087116e-05	-4.36511523245	1.91870056775	-4.36664581315	4.27098695197e-05	242.765505612	3.78322906754	1.92468684284	3.78322902581	-1.21151889841e-05	-4.35700062703	1.92468681764	-4.35700060092	4.26304732792e-05	0.00359353551013	0.0	0.0	0.0	-0.00173283842868	0.0	0.0	0.0	-0.00138225465295	242.994002795	0.00344001473081
76	38.0	nan	nan	1	1	0.25	0.25	0.25	256.5	1.0038	-1.09055491959e-20	1.11173074327e-21	-3.02814278643e-20	0.998158832464	-1.8211208366e-20	2.66716116712e-20	-4.74338450462e-20	0.998532074753	243.232263669	3.83265509252	1.84919520208	3.81111623699	-2.3948170331e-06	-4.40901689028	1.83949064487	-4.41066550176	4.90281333424e-05	244.039152303	3.82375912976	1.84559290735	3.82375907609	-2.38925843139e-06	-4.40042797642	1.84559289492	-4.400427921	4.89326248822e-05	0.0037927982387	0.0	0.0	0.0	-0.00184286456828	0.0	0.0	0.0	-0.00146900370479	244.268847456	0.00363889564785
80	40.0	nan	nan	1	1	0.25	0.25	0.25	256.5	1.004	-5.82335151237e-22	2.44845461316e-20	1.21760986168e-20	0.998049049026	-8.47032947254e-22	-1.06408513999e-20	-4.48927462045e-20	0.998445405508	244.424587161	3.87442627292	1.77530069812	3.85146158715	9.88578905653e-07	-4.43722910327	1.7654789066	-4.43899121388	3.93392421329e-05	245.283696381	3.86499881755	1.7716842561	3.86499879385	9.8617344408e-07	-4.42819008142	1.77168425289	-4.42819002975	3.92591046731e-05	0.00399202126954	0.0	0.0	0.0	-0.00195285655772	0.0	0.0	0.0	-0.00155580412784	245.51403154	0.00383775367321
90	45.0	nan	nan	1	1	0.25	0.25	0.25	256.5	1.0045	6.04834463899e-21	2.76609196838e-20	-3.57871420215e-20	0.997774683166	-8.89384594617e-21	2.90638180027e-20	-1.52465930506e-20	0.998228717827	247.311028558	3.9812580612	1.60949832708	3.95460279943	1.6361650774e-05	-4.46056256156	1.59944988611	-4.46259235241	6.97494519031e-06	248.302415019	3.9704554562	1.60586158175	3.97045546761	1.63172556487e-05	-4.45048368805	1.60586154098	-4.45048371195	6.95918493824e-06	0.00448990527285	0.0	0.0	0.0	-0.00222779653093	0.0	0.0	0.0	-0.00177285274816	248.532762154	0.00433478512603
100	50.0	nan	nan	1	1	0.25	0.25	0.25	256.5	1.005	1.92269861582e-20	-6.13040095575e-20	-2.47757137072e-20	0.997500328238	-2.54109884176e-20	4.02340649946e-21	1.01643953671e-20	0.998012189512	250.092868888	4.07212131045	1.486936915	4.04173369751	-1.17243820387e-05	-4.44664915482	1.47659812523	-4.44893097137	-2.26545019521e-05	251.218961242	4.05993237661	1.48324684917	4.05993239879	-1.16892878688e-05	-4.43561410153	1.48324679885	-4.43561414676	-2.25982812727e-05	0.00498754151104	0.0	0.0	0.0	-0.00250280115752	0.0	0.0	0.0	-0.00198978880538	251.44790382	0.00483164460867
110	55.0	nan	nan	1	1	0.25	0.25	0.25	256.5	1.0055	-3.09365549095e-20	-6.86096687276e-20	-1.54583512874e-20	0.997225807499	1.35525271561e-20	1.84229666028e-20	-1.35525271561e-20	0.997796029686	252.786671058	4.14736635114	1.40759507989	4.11323794457	-7.49245145798e-06	-4.4216957968	1.3968102905	-4.42422417361	-4.57925277209e-06	254.0498191	4.13379136124	1.40379003759	4.133791356	-7.46792747234e-06	-4.40974297046	1.40379000258	-4.40974298401	-4.56687403423e-06	0.00548493023057	0.0	0.0	0.0	-0.00277804770472	0.0	0.0	0.0	-0.00220640263107	254.277068793	0.00532833481676
120	60.0	nan	nan	1	1	0.25	0.25	0.25	256.5	1.006	5.98217018998e-21	-6.81332126948e-20	-1.16467030247e-20	0.996951010255	-2.13452302708e-19	5.08219768353e-21	-6.60685698858e-20	0.997580403513	255.420596382	4.20656273335	1.36235133188	4.16872460831	-5.1083971653e-06	-4.39625487021	1.35094927227	-4.39903029947	-1.75282170389e-07	256.823161318	4.19161590914	1.35836762498	4.19161589839	-5.09024592894e-06	-4.38339960267	1.35836760151	-4.38339959651	-1.74769620671e-07	0.00598207167755	0.0	0.0	0.0	-0.00305364738404	0.0	0.0	0.0	-0.00242252844097	257.048681259	0.00582484779453
130	65.0	nan	nan	1	1	0.25	0.25	0.25	256.5	1.0065	3.52048068703e-20	2.23404939838e-20	3.04931861012e-20	0.996676037796	5.75982404133e-20	1.50348348138e-20	5.92923063078e-20	0.997365233668	258.007055084	4.25606778284	1.34106828825	4.21452637518	7.93115232858e-06	-4.37431362115	1.32889701908	-4.37733843166	-6.87399182574e-06	259.551378172	4.23975275766	1.33685128173	4.23975277988	7.9007493941e-06	-4.36055853559	1.33685124478	-4.36055853285	-6.85237646984e-06	0.00647896609771	0.0	0.0	0.0	-0.00332949883881	0.0	0.0	0.0	-0.00263824343773	259.775381966	0.00632116951474
140	70.0	nan	nan	1	1	0.25	0.25	0.25	256.5	1.007	4.12399166194e-20	-9.6826453783e-20	-3.95987902841e-20	0.996400973687	4.48927462045e-20	2.64697796017e-21	6.43745039913e-20	0.997150451921	260.55420854	4.3038053518	1.33851798806	4.25850633364	9.72784545308e-06	-4.36024458274	1.32542579201	-4.36352428258	2.13435638101e-06	262.242610065	4.2861015874	1.33401464742	4.28610162227	9.68782982274e-06	-4.3455748758	1.3340146033	-4.34557486351	2.12717550342e-06	0.00697561373643	0.0	0.0	0.0	-0.00360551838965	0.0	0.0	0.0	-0.00285361577035	262.465781168	0.00681728957733
150	75.0	nan	nan	1	1	0.25	0.25	0.25	256.5	1.0075	-2.54109884176e-20	-8.87796407841e-20	-9.74087889342e-21	0.99612596888	1.4484263398e-19	-8.08916464628e-20	4.23516473627e-20	0.996935922587	263.070338588	4.35463624274	1.34793702839	4.30547520077	8.09234251084e-06	-4.36069648003	1.33380327452	-4.36424215379	5.00859724605e-06	264.905134651	4.33550391539	1.34310599212	4.33550393374	8.056788371e-06	-4.34506764692	1.34310594623	-4.34506762236	4.99064632219e-06	0.0074720148387	0.0	0.0	0.0	-0.00388155461568	0.0	0.0	0.0	-0.00306878130939	265.128586407	0.0073131923906
160	80.0	nan	nan	1	1	0.25	0.25	0.25	256.5	1.008	3.39871970086e-20	-8.76149704816e-20	-2.37169225231e-20	0.995851010692	8.38562617782e-20	-4.12928561786e-20	9.14795583035e-20	0.996721667271	265.560281428	4.40998438815	1.36289617897	4.35683275286	6.0473795496e-06	-4.37618303074	1.34764693235	-4.3800090152	2.94186623925e-06	267.543776144	4.38937434162	1.35771267801	4.38937434642	6.01911714254e-06	-4.3595391005	1.35771263403	-4.35953905847	2.93067744387e-06	0.00796816964918	0.0	0.0	0.0	-0.00415762024552	0.0	0.0	0.0	-0.00328371823528	267.768587542	0.00780887623525
170	85.0	nan	nan	1	1	0.25	0.25	0.25	256.5	1.0085	3.39871970086e-20	-3.08108234564e-20	8.47032947254e-21	0.99557597896	-6.77626357803e-20	1.02067470144e-19	1.0503208546e-19	0.9965078096	268.025920829	4.46809900548	1.38052486562	4.41083991129	5.02411370484e-06	-4.40310942857	1.3641088403	-4.40723055548	1.988146809e-06	270.160393779	4.44596642451	1.37497221251	4.44596643357	4.99922692341e-06	-4.38539954166	1.37497216804	-4.38539948437	1.98015022029e-06	0.00846407841213	0.0	0.0	0.0	-0.00443383597944	0.0	0.0	0.0	-0.00349830233039	270.387320646	0.00830434922047
180	90.0	nan	nan	1	1	0.25	0.25	0.25	256.5	1.009	3.4093076127e-20	-6.70744215107e-20	-3.09167025748e-20	0.995300797846	2.20228566286e-20	-3.38813178902e-21	3.04931861012e-20	0.996294427672	270.468540451	4.52599274698	1.40025873773	4.46454331624	4.49742710118e-06	-4.43747790286	1.38262629344	-4.44190787861	3.20370962317e-06	272.756245616	4.50230576731	1.39432101468	4.50230578128	4.47388962106e-06	-4.41866101273	1.39432096709	-4.41866096076	3.19012446211e-06	0.00895974137147	0.0	0.0	0.0	-0.00471027811686	0.0	0.0	0.0	-0.00371245496915	272.985687888	0.00879961670808
190	95.0	nan	nan	1	1	0.25	0.25	0.25	256.5	1.0095	5.63276909924e-20	2.03605544696e-19	6.86096687276e-20	0.995025482095	-6.77626357803e-21	-4.97631856512e-20	-6.09863722023e-20	0.996081508968	272.889497647	4.58533675888	1.42067608954	4.51959083303	4.31221182642e-06	-4.47366820379	1.40179212994	-4.47841609628	4.13771094146e-06	275.332666561	4.56005452472	1.41434234745	4.56005455157	4.28843552494e-06	-4.45372343185	1.41434231961	-4.45372339204	4.11926395404e-06	0.00945515877076	0.0	0.0	0.0	-0.00498693200575	0.0	0.0	0.0	-0.00392618843269	275.564811437	0.00929467728092
200	100.0	nan	nan	1	1	0.25	0.25	0.25	256.5	1.01	7.87740640946e-20	-7.17331027206e-20	-9.19030747771e-20	0.994750042438	8.47032947254e-20	-1.14349447879e-20	4.74338450462e-20	0.995869044829	275.290075508	4.64788195892	1.44082799008	4.57770377041	2.76706914454e-06	-4.51006117923	1.42066927535	-4.5151345517	6.87264018179e-06	277.890919256	4.62095227235	1.4340912848	4.62095230456	2.75103683015e-06	-4.48897403131	1.43409125868	-4.48897399956	6.84050660879e-06	0.00995033085317	0.0	0.0	0.0	-0.00526378701312	0.0	0.0	0.0	-0.00413951113732	278.125947111	0.00978952984924
210	105.0	nan	nan	1	1	0.25	0.25	0.25	256.5	1.0105	1.2694906297e-19	-2.37116285672e-19	5.3363075677e-20	0.99447453726	8.47032947254e-20	-5.59041745188e-20	-6.77626357803e-20	0.995656979494	277.671891778	4.71267565443	1.46079226201	4.63793762013	2.63750113355e-06	-4.54717322723	1.43933496084	-4.55257983755	8.06419172172e-06	280.432606662	4.68404965744	1.45364538554	4.68404968187	2.62148027724e-06	-4.52492633684	1.45364535223	-4.52492630349	8.02473793795e-06	0.0104452578615	0.0	0.0	0.0	-0.00554078457546	0.0	0.0	0.0	-0.00435247881458	280.670677105	0.0102841694324
220	110.0	nan	nan	1	1	0.25	0.25	0.25	256.5	1.011	1.24513843246e-19	4.64809329806e-20	3.51518673111e-20	0.994199043965	-3.21872519957e-20	9.16913165403e-20	-1.66018457662e-19	0.995445237727	280.03634896	4.77891632263	1.4805654895	4.6994995658	3.28756588991e-06	-4.58410347105	1.45778617953	-4.58984945559	9.03630435332e-06	282.959117535	4.74854871095	1.47300128404	4.74854873281	3.26667506078e-06	-4.56068329763	1.4730012459	-4.56068326883	8.99013789649e-06	0.0109399400383	0.0	0.0	0.0	-0.00581784693438	0.0	0.0	0.0	-0.00456516680816	283.200306439	0.0107785895804
230	115.0	nan	nan	1	1	0.25	0.25	0.25	256.5	1.0115	8.47032947254e-21	-8.33798057453e-20	-8.47032947254e-22	0.993923616779	-3.38813178902e-21	-1.73641754187e-20	1.28749007983e-19	0.995233766954	282.384577019	4.84621669035	1.49960057925	4.76200616726	4.27844643208e-06	-4.61970999908	1.47548501989	-4.62579948856	8.82736475159e-06	285.471568013	4.81406377372	1.49161486352	4.81406379133	4.2500604683e-06	-4.59510898777	1.49161482774	-4.59510896133	8.78035701731e-06	0.0114343776257	0.0	0.0	0.0	-0.00609491956496	0.0	0.0	0.0	-0.0047776277557	285.71586914	0.0112727856776
240	120.0	nan	nan	1	1	0.25	0.25	0.25	256.5	1.012	-6.39509875177e-20	1.67606644438e-19	-3.13402190484e-20	0.993648296245	-1.3891340335e-19	2.7316812549e-20	5.08219768353e-20	0.995022527751	284.717421173	4.91455333382	1.51702574756	4.82543236905	4.2123946476e-06	-4.65320914488	1.49157584311	-4.65964458949	8.05920920185e-06	287.970788601	4.88057090408	1.50861960477	4.8805709146	4.18326740135e-06	-4.62742478323	1.50861956402	-4.6274247652	8.01455151332e-06	0.0119285708653	0.0	0.0	0.0	-0.0063719616523	0.0	0.0	0.0	-0.00498990112407	288.218143897	0.0117667542602
250	125.0	nan	nan	1	1	0.25	0.25	0.25	256.5	1.0125	-2.60462631281e-20	-1.36412009177e-19	5.92923063078e-20	0.993373113898	-1.50771864611e-19	2.28698895759e-20	5.75982404133e-20	0.994811488942	287.035308279	4.98461954501	1.53197000802	4.89045632829	4.0846223609e-06	-4.68373132295	1.50520626003	-4.6905132193	8.22021836706e-06	290.457188332	4.94875771624	1.52315054321	4.94875770962	4.05523555889e-06	-4.65676734626	1.52315051681	-4.65676733752	8.1728950342e-06	0.0124225199986	0.0	0.0	0.0	-0.00664894140436	0.0	0.0	0.0	-0.00520201812279	290.7075192	0.012260492749
260	130.0	nan	nan	1	1	0.25	0.25	0.25	256.5	1.013	2.64697796017e-20	2.22180712532e-19	-8.47032947254e-21	0.993098087909	3.55753837847e-20	-8.08916464628e-20	-3.72694496792e-20	0.994600632127	289.338339045	5.05761825965	1.54385333179	4.958253704	4.6004141718e-06	-4.7105709733	1.51581191941	-4.71769800078	7.80230047652e-06	292.930847055	5.01981682848	1.53463270137	5.01981680761	4.56602995561e-06	-4.68243719069	1.53463267604	-4.68243718688	7.75570140675e-06	0.0129162252665	0.0	0.0	0.0	-0.00692584045077	0.0	0.0	0.0	-0.00541399714268	293.184096049	0.0127539997708
270	135.0	nan	nan	1	1	0.25	0.25	0.25	256.5	1.0135	9.33853824348e-20	1.45345559793e-19	-8.47032947254e-22	0.992823232629	4.37069000783e-19	6.73391193067e-20	-3.72694496792e-20	0.994389943333	291.626948863	5.13357164528	1.55281748276	5.02883983384	3.45993429923e-06	-4.73464436404	1.52353829284	-4.74211579443	7.56485933048e-06	295.392183636	5.09376788572	1.5432089296	5.09376786153	3.43310728629e-06	-4.70534724279	1.54320890072	-4.70534723446	7.51804935194e-06	0.0134096869099	0.0	0.0	0.0	-0.0072026442485	0.0	0.0	0.0	-0.00562585213826	295.648344644	0.0132472740676
280	140.0	nan	nan	1	1	0.25	0.25	0.25	256.5	1.014	5.50571415715e-21	7.86417151966e-20	-1.02490986618e-19	0.992548561054	1.08420217249e-19	4.02340649946e-20	8.80914265144e-20	0.994179410319	293.901787606	5.2117410088	1.55910284566	5.1014852241	2.84462548256e-06	-4.7566890808	1.5286271412	-4.7645047443	7.48390997413e-06	297.84183504	5.16987575784	1.54911994355	5.16987573621	2.82177496878e-06	-4.72623210254	1.54911991701	-4.72623208522	7.43599065893e-06	0.013902905169	0.0	0.0	0.0	-0.00747933960362	0.0	0.0	0.0	-0.00583759533384	298.100905094	0.0137403143735
290	145.0	nan	nan	1	1	0.25	0.25	0.25	256.5	1.0145	3.49401090742e-20	-1.7078301799e-19	-3.38813178902e-21	0.992274081693	7.45388993584e-20	8.0679888226e-20	-4.40457132572e-20	0.993969025156	296.163413655	5.29162966516	1.56305634121	5.17569931056	2.3128259764e-06	-4.77678661432	1.53142391642	-4.78494601615	6.96542381776e-06	300.280346793	5.24764612027	1.55271208653	5.24764610419	2.29360197707e-06	-4.74517399998	1.55271206201	-4.74517397971	6.91932687548e-06	0.0143958802837	0.0	0.0	0.0	-0.00775591782964	0.0	0.0	0.0	-0.00604923462599	300.54230991	0.0142331198335
300	150.0	nan	nan	1	1	0.25	0.25	0.25	256.5	1.015	-4.19281308891e-20	-1.02702744855e-19	-3.38813178902e-21	0.991999800808	5.08219768353e-21	4.15046144155e-20	-7.79270311474e-20	0.993758781957	298.412271097	5.37286370345	1.56511441092	5.25111301417	1.98953544284e-06	-4.79484338356	1.53236075509	-4.80334541918	6.10778299846e-06	302.70814964	5.32670691611	1.55442031344	5.32670690191	1.97244389364e-06	-4.76208122751	1.55442028925	-4.76208120604	6.06604980225e-06	0.0148886124938	0.0	0.0	0.0	-0.00803237249567	0.0	0.0	0.0	-0.00626077586321	302.972975304	0.0147256898378
310	155.0	nan	nan	1	1	0.25	0.25	0.25	256.5	1.0155	-6.98802181485e-20	5.39983503875e-20	1.57548128189e-19	0.991725724189	-1.01643953671e-20	4.9974943888e-20	-2.57498015965e-19	0.993548675121	300.648700152	5.45515218041	1.56569635369	5.327439426	1.49396219712e-06	-4.81075455554	1.53185181055	-4.81959747233	5.13726366513e-06	305.125569838	5.40676873937	1.55466218097	5.4067687298	1.48071178183e-06	-4.77685098506	1.55466215675	-4.77685096363	5.10105903679e-06	0.0153811020383	0.0	0.0	0.0	-0.00830869763974	0.0	0.0	0.0	-0.00647222461115	305.393216435	0.0152180238724
320	160.0	nan	nan	1	1	0.25	0.25	0.25	256.5	1.016	6.54332951754e-20	9.67735142238e-20	-1.13502414932e-19	0.99145185716	-7.79270311474e-20	-1.68559556504e-19	-8.13151629364e-20	0.99333869937	302.872962532	5.53827790748	1.56527127535	5.40446447042	1.63057776864e-06	-4.82450024917	1.53035877137	-4.83368178304	5.01670778574e-06	307.532854641	5.48761558974	1.55390433018	5.48761557486	1.61566178747e-06	-4.78946489736	1.55390430909	-4.78946487547	4.98027662954e-06	0.0158733491563	0.0	0.0	0.0	-0.00858488776343	0.0	0.0	0.0	-0.00668358611505	307.803276797	0.0157101215075
330	165.0	nan	nan	1	1	0.25	0.25	0.25	256.5	1.0165	3.62106584951e-20	3.31295761495e-19	9.14795583035e-20	0.991178203637	-8.47032947254e-20	-2.17687467444e-19	-1.08420217249e-19	0.993128850726	305.085261185	5.62204283714	1.56444743056	5.48199341357	1.61317241609e-06	-4.83620037995	1.52847797002	-4.84571804126	5.00692847658e-06	309.93019215	5.56905066495	1.55275110924	5.56905064976	1.59796699825e-06	-4.80004336213	1.55275108704	-4.80004334039	4.9694950396e-06	0.0163653540863	0.0	0.0	0.0	-0.00886093878288	0.0	0.0	0.0	-0.00689486431567	310.203351534	0.0162019824633
340	170.0	nan	nan	1	1	0.25	0.25	0.25	256.5	1.017	5.14572515457e-20	2.75179828739e-19	-4.23516473627e-21	0.990904765471	-9.82558218815e-20	1.41878018665e-19	3.52365706058e-19	0.992919127184	307.285747541	5.7062122572	1.56399310483	5.55979635869	1.54217261539e-06	-4.84614480643	1.52696031624	-4.8559962666	4.98708658671e-06	312.317718534	5.65084106506	1.5519651476	5.65084104341	1.52720788356e-06	-4.80887531829	1.55196512066	-4.80887528858	4.94873317966e-06	0.0168571170664	0.0	0.0	0.0	-0.00913684869381	0.0	0.0	0.0	-0.00710606117003	312.59359068	0.0166936066611
350	175.0	nan	nan	1	1	0.25	0.25	0.25	256.5	1.0175	1.01643953671e-20	5.97158227814e-20	2.54109884176e-19	0.990631542842	-2.4055735702e-19	1.01643953671e-19	1.08420217249e-19	0.992709528348	309.474535936	5.79048245411	1.5647161932	5.63757695643	9.14550570996e-07	-4.85479642734	1.52659327476	-4.86498000249	5.50651058612e-06	314.695532556	5.73268583033	1.55234771555	5.73268581619	9.05422154549e-07	-4.81642113515	1.55234769848	-4.81642110932	5.46298374501e-06	0.0173486383346	0.0	0.0	0.0	-0.00941261717666	0.0	0.0	0.0	-0.00731717701608	314.97411061	0.0171849941837
360	180.0	nan	nan	1	1	0.25	0.25	0.25	256.5	1.018	-4.00223067578e-20	-1.74488787134e-19	-1.7279472124e-19	0.990358534883	2.10064170919e-19	3.38813178902e-20	2.57498015965e-19	0.992500054852	311.651730404	5.87453660499	1.56720519619	5.71502696494	9.64827792937e-07	-4.86272182942	1.52794816213	-4.87323679628	5.69946302226e-06	317.063722732	5.8142713577	1.55448178067	5.81427134279	9.54929891289e-07	-4.82324363568	1.55448176655	-4.82324360697	5.65319171304e-06	0.0178399181283	0.0	0.0	0.0	-0.00968824496884	0.0	0.0	0.0	-0.00752821115429	317.345016834	0.0176761452112
370	185.0	nan	nan	1	1	0.25	0.25	0.25	256.5	1.0185	-8.13151629364e-20	-2.60462631281e-20	-1.02490986618e-19	0.990085739569	2.94767465644e-19	-1.18584612616e-20	-1.15196480827e-19	0.992290708511	313.817448778	5.95821675512	1.57161654	5.79199354874	6.59617386267e-07	-4.87046624502	1.53117375958	-4.8813129821	5.72642003541e-06	319.422391817	5.8954415825	1.55852133604	5.89544156939	6.52667723809e-07	-4.82988398643	1.5585213202	-4.82988395934	5.67870570027e-06	0.0183309566847	0.0	0.0	0.0	-0.0099637339783	0.0	0.0	0.0	-0.00773916169441	319.706429979	0.0181670600194
380	190.0	nan	nan	1	1	0.25	0.25	0.25	256.5	1.019	4.36221967836e-20	-5.96946469577e-19	-1.69406589451e-19	0.98981315402	1.08420217249e-19	1.69406589451e-20	8.80914265144e-20	0.992081492019	315.971818297	6.04157516849	1.57770676149	5.86852851949	-1.12142163722e-06	-4.87853075307	1.53602911634	-4.88971077823	5.99605756216e-06	321.771652369	5.9762485543	1.56422377209	5.97624854289	-1.10929587919e-06	-4.83683911554	1.56422376374	-4.83683909483	5.9448156061e-06	0.0188217542406	0.0	0.0	0.0	-0.010239086979	0.0	0.0	0.0	-0.00795002585862	322.058483475	0.0186577389537
390	195.0	nan	nan	1	1	0.25	0.25	0.25	256.5	1.0195	9.91028548288e-20	1.47171974585e-19	-1.05879118407e-19	0.989540775037	8.47032947254e-20	-1.27054942088e-19	-4.74338450462e-20	0.991872408401	318.114966118	6.12470544597	1.58507679609	5.94472365354	-2.76350540673e-07	-4.8873563011	1.54212253795	-4.89887224934	5.56508317831e-06	324.11161711	6.05678513975	1.57119245098	6.05678513066	-2.73285933974e-07	-4.84454592009	1.57119243919	-4.84454589744	5.51633630648e-06	0.0193123110324	0.0	0.0	0.0	-0.0105143070705	0.0	0.0	0.0	-0.00816080053311	324.401306097	0.0191481823888
400	200.0	nan	nan	1	1	0.25	0.25	0.25	256.5	1.02	-9.48676900925e-20	-1.95452852579e-19	2.55803950071e-19	0.989268598378	1.52465930506e-19	7.66564817265e-20	-3.38813178902e-19	0.991663461724	320.247025003	6.20758781157	1.59339326529	6.02056047601	1.57027897574e-07	-4.89718690999	1.54912731807	-4.90904221044	5.20165644521e-06	326.442404724	6.13703200572	1.57909617535	6.13703199759	1.55243109314e-07	-4.85324576674	1.57909615844	-4.85324574978	5.15498337857e-06	0.0198026272962	0.0	0.0	0.0	-0.0107893984101	0.0	0.0	0.0	-0.0083714815507	326.735021036	0.0196383907921
410	205.0	nan	nan	1	1	0.25	0.25	0.25	256.5	1.0205	1.35101755087e-19	2.30816478127e-20	6.09863722023e-20	0.988996618948	-1.08420217249e-19	1.60089227031e-19	-2.37169225231e-19	0.991454656927	322.368134486	6.29016135738	1.60244822275	6.09598069997	-5.11448449869e-07	-4.90802782349	1.55683953122	-4.92022615413	5.18747299051e-06	328.764141057	6.21692918064	1.58772831473	6.21692916988	-5.05493994784e-07	-4.86294323538	1.58772830342	-4.86294322435	5.13982145072e-06	0.0202927032678	0.0	0.0	0.0	-0.0110643660225	0.0	0.0	0.0	-0.00858206386126	329.059746612	0.0201283647029
420	210.0	nan	nan	1	1	0.25	0.25	0.25	256.5	1.021	-1.13502414932e-19	-6.26804380968e-20	4.40457132572e-20	0.988724832331	1.49077798717e-19	-2.28698895759e-20	6.77626357803e-20	0.991245998265	324.478430606	6.37244893802	1.61215351134	6.17100734249	-2.91114025774e-07	-4.91969480204	1.56517209028	-4.9322396035	4.99283819275e-06	331.076948662	6.29649952666	1.59700107917	6.29649951557	-2.87644411642e-07	-4.87345519689	1.59700106665	-4.87345518668	4.94591112189e-06	0.0207825391825	0.0	0.0	0.0	-0.011339214251	0.0	0.0	0.0	-0.0087925431005	331.375595127	0.0206181046097
430	215.0	nan	nan	1	1	0.25	0.25	0.25	256.5	1.0215	-1.42301535139e-19	-4.02340649946e-19	1.35525271561e-20	0.988453235143	3.55753837847e-19	1.40607469244e-19	6.77626357803e-20	0.991037488928	326.578039115	6.4545590287	1.62252077035	6.24574619605	-2.54647296027e-08	-4.93186311949	1.57413499267	-4.94475717742	4.22062977293e-06	333.380939871	6.37585046218	1.60692559012	6.37585044811	-2.51542060884e-08	-4.88445953883	1.60692557516	-4.88445952618	4.18006235266e-06	0.0212721352755	0.0	0.0	0.0	-0.0116139464	0.0	0.0	0.0	-0.00900291597513	333.682670445	0.0211076109289
440	220.0	nan	nan	1	1	0.25	0.25	0.25	256.5	1.022	-1.91429446079e-19	2.26581313391e-19	3.67612299108e-19	0.988181824307	1.42301535139e-19	2.92226366803e-20	-1.49077798717e-19	0.990829131777	328.667066874	6.53662613223	1.63359850447	6.32032790686	-2.0568144582e-07	-4.94415713042	1.58377394957	-4.9574023584	4.77220198519e-06	335.676207973	6.45511498959	1.61754946268	6.45511497425	-2.03116616604e-07	-4.89558400538	1.61754945129	-4.89558399483	4.7253182075e-06	0.0217614917815	0.0	0.0	0.0	-0.0118885654668	0.0	0.0	0.0	-0.00921317952121	335.981056365	0.0215968840607
450	225.0	nan	nan	1	1	0.25	0.25	0.25	256.5	1.0225	-1.72371204766e-19	2.51992301808e-19	-3.04931861012e-20	0.987910596587	1.01643953671e-19	-7.11507675694e-20	4.74338450462e-20	0.990620929785	330.745599335	6.61879061174	1.64537957893	6.394888387	4.25551854866e-07	-4.95625233394	1.59408061861	-4.96984979374	3.83322638883e-06	337.962824609	6.53443174673	1.62886519072	6.53443174051	4.2012804354e-07	-4.90650729265	1.62886517493	-4.90650727205	3.79475296332e-06	0.0222506089348	0.0	0.0	0.0	-0.0121630746131	0.0	0.0	0.0	-0.00942333065932	338.270818774	0.0220859244351
460	230.0	nan	nan	1	1	0.25	0.25	0.25	256.5	1.023	2.35475159337e-19	3.78623727423e-19	-3.38813178902e-20	0.987639549149	7.31836466428e-19	-3.08319992801e-19	1.35525271561e-19	0.990412885525	332.813716977	6.70120083693	1.65771280515	6.46957083569	5.8499391431e-07	-4.96797449974	1.60490723728	-4.98192477344	4.29253775822e-06	340.2408565	6.6139471207	1.64072269704	6.61394711227	5.77376937254e-07	-4.91705710103	1.64072267807	-4.91705707867	4.24854299606e-06	0.0227394869695	0.0	0.0	0.0	-0.012437476597	0.0	0.0	0.0	-0.00963336671136	340.552022374	0.0225747324505
470	235.0	nan	nan	1	1	0.25	0.25	0.25	256.5	1.0235	1.43995601033e-19	-7.70799982001e-20	-2.37169225231e-20	0.987368680554	-2.4055735702e-19	1.59242194084e-19	1.42301535139e-19	0.990205000191	334.871516393	6.7839751539	1.67029198413	6.54448909392	-4.1579368798e-07	-4.97934688993	1.61595648175	-4.99365057085	4.33592844479e-06	342.510387003	6.69377771944	1.65281864238	6.69377771045	-4.10265436022e-07	-4.92725669807	1.652818627	-4.92725668528	4.29056921404e-06	0.0232281261192	0.0	0.0	0.0	-0.0127117727672	0.0	0.0	0.0	-0.00984328638972	342.82475532	0.0230633083846
480	240.0	nan	nan	1	1	0.25	0.25	0.25	256.5	1.024	-1.43995601033e-19	1.60936259978e-20	-1.76182853029e-19	0.987097990719	-3.38813178902e-20	-2.03287907341e-20	-5.42101086243e-20	0.989997273648	336.91910469	6.86714427055	1.6827718937	6.6196721753	-2.9127420148e-07	-4.990518055	1.62689410954	-5.00517607893	3.99893115058e-06	344.77151041	6.7739535807	1.66481133879	6.77395357677	-2.87321460327e-07	-4.93725327567	1.66481132003	-4.93725325785	3.95624977303e-06	0.0237165266173	0.0	0.0	0.0	-0.0129859630998	0.0	0.0	0.0	-0.0100530897482	345.089114094	0.0235516523931
490	245.0	nan	nan	1	1	0.25	0.25	0.25	256.5	1.0245	2.32934060495e-20	-6.86096687276e-19	3.38813178902e-20	0.986827480604	-3.82858892159e-19	2.41404389967e-19	-6.09863722023e-20	0.989789704708	338.956590676	6.95065155787	1.69488507777	6.6950648713	-8.43890002322e-09	-5.001660237	1.63746196093	-5.01667402385	3.41683956598e-06	347.024322967	6.85441858842	1.6764363088	6.85441858366	-8.32206199498e-09	-4.94721732792	1.67643628715	-4.94721730687	3.37964737838e-06	0.0242046886968	0.0	0.0	0.0	-0.0132600465144	0.0	0.0	0.0	-0.0102627779046	347.345195615	0.0240397645463
500	250.0	nan	nan	1	1	0.25	0.25	0.25	256.5	1.025	-1.60936259978e-20	-2.76556257279e-19	9.14795583035e-20	0.986557152078	-2.91379333855e-19	8.13151629364e-20	-3.52365706058e-19	0.989582291259	340.984073117	7.03438405075	1.70648447608	6.77055794327	-2.64934185312e-07	-5.01291973783	1.64751882925	-5.02829113333	3.67998433803e-06	349.268910853	6.93506115527	1.68754835945	6.93506115139	-2.61193412812e-07	-4.957293546	1.68754834161	-4.95729352628	3.63914915107e-06	0.0246926125904	0.0	0.0	0.0	-0.013534021008	0.0	0.0	0.0	-0.0104723529114	349.593083261	0.0245276448412
510	255.0	nan	nan	1	1	0.25	0.25	0.25	256.5	1.0255	1.41454502191e-19	2.10064170919e-19	-1.11808349038e-19	0.986287007831	-4.4723339615e-19	-2.13452302708e-19	2.16840434497e-19	0.989375030342	343.00163919	7.11818905699	1.71753434758	6.8460042718	-2.79779919898e-07	-5.02441067948	1.657031283	-5.04014187268	3.7157879611e-06	351.505348572	7.01573066951	1.69811248065	7.01573066405	-2.75752800188e-07	-4.96759467709	1.69811246413	-4.96759465529	3.67376985566e-06	0.0251802985303	0.0	0.0	0.0	-0.013807883743	0.0	0.0	0.0	-0.010681817679	351.832846759	0.0250152932113
520	260.0	nan	nan	1	1	0.25	0.25	0.25	256.5	1.026	-2.40133840547e-19	-2.53686367703e-19	-1.0503208546e-19	0.986017051118	-6.43745039913e-19	-1.40183952771e-19	1.49077798717e-19	0.989167918402	345.009363505	7.20187289278	1.72809074698	6.92121780286	-1.04974081916e-06	-5.03622210642	1.66605449144	-5.05231558658	2.86038049299e-06	353.733697923	7.09623630187	1.70818442922	7.09623629534	-1.03434329089e-06	-4.97820858037	1.70818441045	-4.97820855877	2.82743104105e-06	0.0256677467486	0.0	0.0	0.0	-0.0140816313059	0.0	0.0	0.0	-0.0108911757229	354.064541411	0.0255027095503
530	265.0	nan	nan	1	1	0.25	0.25	0.25	256.5	1.0265	1.92276479027e-19	-2.84603070277e-19	-3.38813178902e-20	0.985747285472	-5.08219768353e-20	7.4962415832e-20	6.77626357803e-21	0.988960951609	347.007315297	7.28519938122	1.73827124408	6.99597224112	-4.16726238461e-07	-5.04842171566	1.67470274464	-5.06488021444	2.66194224996e-06	355.954015338	7.17634558017	1.71788070693	7.17634557152	-4.1049960928e-07	-4.98920194149	1.71788069062	-4.98920192008	2.63071672488e-06	0.0261549574769	0.0	0.0	0.0	-0.0143552599974	0.0	0.0	0.0	-0.0111004308396	356.288211708	0.025989893725
540	270.0	nan	nan	1	1	0.25	0.25	0.25	256.5	1.027	2.70203510174e-19	1.07573184301e-19	2.94767465644e-19	0.985477714235	5.42101086243e-20	-1.3891340335e-19	6.77626357803e-21	0.988754126306	348.995560411	7.36791198705	1.74820383393	7.07002244921	3.05998037964e-07	-5.06105975573	1.6831000392	-5.07788620856	3.10755788149e-06	358.16635391	7.25580624184	1.72732801682	7.2558062335	3.01342154706e-07	-5.0006241499	1.72732800267	-5.00062412691	3.07044961716e-06	0.0266419309464	0.0	0.0	0.0	-0.0146287663082	0.0	0.0	0.0	-0.0113095866539	358.503899211	0.0264768456229
550	275.0	nan	nan	1	1	0.25	0.25	0.25	256.5	1.0275	-1.5881867761e-19	6.57297567069e-19	-8.80914265144e-20	0.985208340107	-5.55653613399e-19	1.26207909141e-19	-4.20128341838e-19	0.988547439483	350.974167741	7.44977888806	1.75796537934	7.14314771706	3.14628914588e-08	-5.07417238545	1.69132084623	-5.0913699092	3.17242519512e-06	360.370769992	7.33439063096	1.73660244375	7.33439061778	3.09755685131e-08	-5.01251063767	1.73660243881	-5.01251061567	3.13387363097e-06	0.0271286673883	0.0	0.0	0.0	-0.0149021473767	0.0	0.0	0.0	-0.0115186461391	360.711649014	0.0269635651835
560	280.0	nan	nan	1	1	0.25	0.25	0.25	256.5	1.028	2.7443867491e-19	2.01593841447e-19	-5.08219768353e-21	0.984939164884	-3.42201310691e-19	1.4950131519e-19	-5.75982404133e-19	0.988340889057	352.943212538	7.53062623349	1.76754813539	7.2151835634	3.02436337196e-07	-5.087775498	1.69935805937	-5.10534733227	3.02077188002e-06	362.567326594	7.41192839575	1.74569644732	7.41192838547	2.97669331352e-07	-5.02487679616	1.74569643678	-5.02487677505	2.98342694806e-06	0.027615167033	0.0	0.0	0.0	-0.0151754012565	0.0	0.0	0.0	-0.0117276113333	362.911512217	0.0274500524164
570	285.0	nan	nan	1	1	0.25	0.25	0.25	256.5	1.0285	2.16840434497e-19	2.20228566286e-20	-1.99899775552e-19	0.984670189596	5.72594272344e-19	8.21621958837e-20	1.08420217249e-19	0.988134473711	354.902770766	7.61034245104	1.77687474737	7.28602560678	2.27767276928e-07	-5.10185508154	1.70713775405	-5.11980449298	3.02744637573e-06	364.756087608	7.48831064772	1.75453376019	7.48831064014	2.24115029772e-07	-5.03770847855	1.75453374689	-5.03770845342	2.98938171148e-06	0.0281014301109	0.0	0.0	0.0	-0.0154485267766	0.0	0.0	0.0	-0.011936483501	365.103543327	0.0279363073964
580	290.0	nan	nan	1	1	0.25	0.25	0.25	256.5	1.029	1.43148568086e-19	-3.67612299108e-19	-1.52465930506e-20	0.984401414983	4.94667241197e-19	2.66815378385e-20	2.91379333855e-19	0.987928192417	356.852914658	7.68886096536	1.78583868577	7.35561283375	5.48203083428e-07	-5.11636545466	1.71455818214	-5.13469563298	3.02357130699e-06	366.937113239	7.56347288	1.76300937857	7.56347287202	5.39263120103e-07	-5.05096028696	1.76300936322	-5.05096025823	2.98491941823e-06	0.0285874568519	0.0	0.0	0.0	-0.0157215230597	0.0	0.0	0.0	-0.0121452636154	367.287793631	0.0284223302238
590	295.0	nan	nan	1	1	0.25	0.25	0.25	256.5	1.0295	3.08319992801e-19	-6.15792952654e-19	2.37169225231e-20	0.984132841908	-3.7947076037e-19	2.22346148654e-19	-2.30392961653e-19	0.987722044019	358.793713926	7.76613754557	1.79433904288	7.42390578437	5.99339075535e-07	-5.13122839128	1.72152326976	-5.14994231399	2.54684486489e-06	369.11046124	7.637372632	1.77102393648	7.63737262364	5.89401852071e-07	-5.06455473985	1.77102391562	-5.06455471004	2.51375192226e-06	0.0290732474857	0.0	0.0	0.0	-0.0159943891028	0.0	0.0	0.0	-0.0123539527801	369.464312964	0.0289081209895
600	300.0	nan	nan	1	1	0.25	0.25	0.25	256.5	1.03	-3.47283508374e-20	-6.54756468228e-19	-9.48676900925e-20	0.983864471661	3.65918233214e-19	-1.74065270661e-19	-2.98155597434e-19	0.987516026924	360.725230368	7.84214293629	1.80230441428	7.49087942918	8.03201895327e-07	-5.14635783954	1.72796550482	-5.16545821001	2.41355163089e-06	371.276181362	7.70998221651	1.77850726533	7.70998221187	7.89665832354e-07	-5.07840669706	1.77850724082	-5.07840666293	2.38168373599e-06	0.0295588022415	0.0	0.0	0.0	-0.0162671234676	0.0	0.0	0.0	-0.0125625525421	371.633143105	0.0293936797501
610	305.0	nan	nan	1	1	0.25	0.25	0.25	256.5	1.0305	1.21549227931e-19	6.08169656129e-19	5.75982404133e-20	0.983596306084	2.10064170919e-19	-8.13151629364e-20	5.42101086243e-20	0.987310138967	362.64752072	7.91685296144	1.8096926704	7.55651365698	3.846286738e-07	-5.16167981579	1.73384560663	-5.18116908831	1.27610539882e-06	373.434318268	7.78127897372	1.78541813716	7.78127896856	3.78042010721e-07	-5.09244299435	1.78541811291	-5.09244295461	1.25898820349e-06	0.0300441213484	0.0	0.0	0.0	-0.0165397241535	0.0	0.0	0.0	-0.0127710650292	373.794323708	0.0298790065203
620	310.0	nan	nan	1	1	0.25	0.25	0.25	256.5	1.031	-7.45388993584e-20	-8.63126573252e-19	-2.20228566286e-20	0.983328347608	-1.21972744405e-19	-1.4484263398e-19	3.04931861012e-19	0.987104377408	364.560642268	7.9902524877	1.81649101512	7.62079706202	7.2132503065e-07	-5.17715741955	1.73915247708	-5.19703791395	1.28316361264e-06	375.584917294	7.85124915893	1.79174429156	7.85124915417	7.08776418383e-07	-5.10662710456	1.79174426291	-5.10662705761	1.26568260396e-06	0.0305292050348	0.0	0.0	0.0	-0.0168121885584	0.0	0.0	0.0	-0.0129794929536	375.947894874	0.0303641012586
630	315.0	nan	nan	1	1	0.25	0.25	0.25	256.5	1.0315	4.61632956254e-20	4.4723339615e-19	2.28698895759e-19	0.983060599169	-6.77626357803e-21	-1.541599964e-19	1.49077798717e-19	0.986898738983	366.46464897	8.0623399505	1.82271625471	7.68373121044	9.0445157247e-07	-5.19280625048	1.74390338889	-5.21308035726	1.94402473877e-06	377.728020464	7.91989237608	1.7975026703	7.91989237721	8.88471480654e-07	-5.12097430275	1.79750264266	-5.12097426192	1.91713309739e-06	0.0310140535292	0.0	0.0	0.0	-0.0170845135642	0.0	0.0	0.0	-0.0131878395606	378.09389925	0.0308489638848
640	320.0	nan	nan	1	1	0.25	0.25	0.25	256.5	1.032	-8.21621958837e-20	-1.2027867851e-19	4.91279109407e-20	0.982793064012	-6.50521303491e-19	-5.08219768353e-20	-2.71050543121e-20	0.986693220119	368.359596029	8.13313594454	1.82840920698	7.74533876428	6.96657993071e-07	-5.20869235383	1.74813850961	-5.22936270937	1.5723477956e-06	379.86367119	7.98722999408	1.80273387423	7.98723000385	6.8416016354e-07	-5.1355495864	1.80273384803	-5.13554955518	1.55026819072e-06	0.0314986670594	0.0	0.0	0.0	-0.0173566957349	0.0	0.0	0.0	-0.0133961084115	380.2323849	0.0313335942907
650	325.0	nan	nan	1	1	0.25	0.25	0.25	256.5	1.0325	2.48180653546e-19	-2.11758236814e-20	5.08219768353e-20	0.982525745498	-6.57297567069e-19	3.21872519957e-20	4.33680868994e-19	0.98648781714	370.24554516	8.20269083839	1.83363151897	7.80567064349	8.00468919926e-07	-5.22490889716	1.75191780607	-5.24597848284	9.51331408622e-07	381.991919708	8.05331259109	1.80749900165	8.05331259941	7.85891673678e-07	-5.15044463277	1.80749898185	-5.15044457981	9.37773240443e-07	0.0319830458531	0.0	0.0	0.0	-0.0176287315128	0.0	0.0	0.0	-0.013604303175	382.36340828	0.0318179923532
660	330.0	nan	nan	1	1	0.25	0.25	0.25	256.5	1.033	-1.81688567186e-19	2.32087027548e-19	-1.25360876194e-19	0.982258646802	2.84603070277e-19	5.50571415715e-20	-2.57498015965e-19	0.986282526559	372.122560925	8.2710843437	1.83845764092	7.86480554155	8.8983951585e-07	-5.241537878	1.75531327714	-5.2630100996	1.15010367147e-06	384.112819309	8.11821948898	1.81187171719	8.11821949837	8.73393644585e-07	-5.16574003357	1.81187168544	-5.16573999077	1.13347202992e-06	0.0324671901375	0.0	0.0	0.0	-0.0179006175261	0.0	0.0	0.0	-0.0138124273314	384.487030856	0.0323021579636
670	335.0	nan	nan	1	1	0.25	0.25	0.25	256.5	1.0335	1.65171424715e-19	0.0	8.13151629364e-20	0.981991770697	-1.42301535139e-19	-1.12655381985e-19	5.42101086243e-20	0.986077345294	373.990710321	8.3384211296	1.84296383344	7.92284561423	4.07382166168e-07	-5.25863113595	1.75839850399	-5.28050961564	1.11681412102e-06	386.226425928	8.18205440849	1.81592740729	8.18205442092	3.99742708702e-07	-5.18148659856	1.81592737683	-5.18148655581	1.10043036896e-06	0.0329511001397	0.0	0.0	0.0	-0.0181723508084	0.0	0.0	0.0	-0.014020483953	386.603318319	0.0327860910462
680	340.0	nan	nan	1	1	0.25	0.25	0.25	256.5	1.034	-1.37642853929e-19	-4.50621527939e-19	4.06575814682e-20	0.981725119397	6.77626357803e-19	-1.89735380185e-19	5.28548559087e-19	0.985872270813	375.850059908	8.40480840968	1.84721447568	7.97989511329	-1.41572587531e-06	-5.27620412432	1.76123549847	-5.29849262247	-3.10655983338e-06	388.332795182	8.24492344765	1.81972969068	8.24492345528	-1.38879447286e-06	-5.19769925232	1.8197296663	-5.19769921345	-3.06033719371e-06	0.0334347760862	0.0	0.0	0.0	-0.01844392896	0.0	0.0	0.0	-0.0142284755569	388.712336195	0.0332697915762
690	345.0	nan	nan	1	1	0.25	0.25	0.25	256.5	1.0345	-1.1096131609e-19	4.08269880577e-19	-2.43945488809e-19	0.981458694638	5.21772295509e-19	4.82808779935e-20	-1.08420217249e-19	0.9856673011	377.700677889	8.47034218268	1.85125522741	8.03604735509	-1.18965583218e-06	-5.2942424482	1.76386826544	-5.31694470837	-2.8433285692e-06	390.431984504	8.30692158477	1.82332369597	8.30692159185	-1.16670348112e-06	-5.21436351135	1.82332367294	-5.21436345905	-2.80042874634e-06	0.0339182182035	0.0	0.0	0.0	-0.0187153500656	0.0	0.0	0.0	-0.0144364041389	390.814141503	0.033753259559
700	350.0	nan	nan	1	1	0.25	0.25	0.25	256.5	1.035	-1.89311863711e-19	6.73391193067e-19	-1.18584612616e-19	0.981192497644	-4.87890977618e-19	6.43745039913e-20	2.98155597434e-19	0.985462434612	379.542625332	8.53508507137	1.85510991257	8.09136371287	2.2128752436e-07	-5.31271625877	1.76631990419	-5.33583600192	4.52207502e-07	392.524044096	8.3681109665	1.82673301256	8.36811097054	2.1695841856e-07	-5.23144968958	1.8267329825	-5.23144964459	4.45290258453e-07	0.0344014267173	0.0	0.0	0.0	-0.0189866127298	0.0	0.0	0.0	-0.0146442712163	392.908788187	0.0342364950556
710	355.0	nan	nan	1	1	0.25	0.25	0.25	256.5	1.0355	-1.25360876194e-19	-3.32036915324e-19	1.69406589451e-19	0.980926529156	-4.60785923306e-19	-7.11507675694e-20	-2.30392961653e-19	0.98525767027	381.37595664	8.59905594787	1.8587877942	8.14586394043	2.58054486335e-07	-5.33159303676	1.76859961249	-5.35513387796	4.49041993617e-07	394.609017395	8.42851078407	1.82996687557	8.42851078942	2.52936489095e-07	-5.24892549958	1.82996684269	-5.24892545346	4.42079497522e-07	0.0348844018535	0.0	0.0	0.0	-0.0192577160482	0.0	0.0	0.0	-0.0148520778371	394.996323666	0.0347194981753
720	360.0	nan	nan	1	1	0.25	0.25	0.25	256.5	1.036	1.18584612616e-19	-5.98005260762e-19	1.79570984818e-19	0.980660789387	4.54009659728e-19	3.03237795117e-19	2.43945488809e-19	0.985053007552	383.200729499	8.66221599607	1.86229666808	8.19951311593	4.52215383862e-07	-5.35084304893	1.77071515763	-5.37480856758	-7.23286148308e-07	396.68695133	8.48808367399	1.83303306903	8.48808368554	4.4312471758e-07	-5.26676142636	1.83303303851	-5.26676140078	-7.11920635926e-07	0.0353671438373	0.0	0.0	0.0	-0.019528659654	0.0	0.0	0.0	-0.0150598244844	397.07678919	0.0352022690646
730	365.0	nan	nan	1	1	0.25	0.25	0.25	256.5	1.0365	-2.65968345438e-19	-1.83806149554e-19	-2.94767465644e-19	0.9803952779	-8.80914265144e-20	1.77029885976e-19	4.06575814682e-20	0.984848446579	385.016998775	8.72447339368	1.86564952443	8.25222625322	-1.62803031417e-06	-5.3704416094	1.77267923024	-5.39483527692	-1.55887075123e-06	398.757890028	8.54674038158	1.8359444833	8.54674037572	-1.59486444633e-06	-5.28493295045	1.83594446946	-5.28493290456	-1.53405026958e-06	0.0358496528937	0.0	0.0	0.0	-0.0197994438432	0.0	0.0	0.0	-0.015267510989	399.150222404	0.0356848079298
740	370.0	nan	nan	1	1	0.25	0.25	0.25	256.5	1.037	1.01643953671e-20	2.22769665128e-19	-2.84603070277e-19	0.980129993787	-3.59141969636e-19	-1.86347248396e-20	-1.08420217249e-19	0.984643987972	386.824821872	8.78569108551	1.86887618279	8.30387595085	4.95906872122e-07	-5.39036257696	1.77452039788	-5.41518788309	1.2307280883e-06	400.821880343	8.60434744601	1.83873055652	8.60434745797	4.8567096055e-07	-5.30341414389	1.83873051151	-5.30341410573	1.21087601392e-06	0.0363319292474	0.0	0.0	0.0	-0.0200700693929	0.0	0.0	0.0	-0.0154751366739	401.216655762	0.0361671150101
750	375.0	nan	nan	1	1	0.25	0.25	0.25	256.5	1.0375	5.50571415715e-21	8.13151629364e-20	-4.87890977618e-19	0.979864935911	-4.60785923306e-19	-1.96511643763e-19	1.49077798717e-19	0.984439632531	388.624252529	8.84570634329	1.87201486061	8.35431084213	-1.10974867074e-07	-5.41057078741	1.77627525671	-5.43583108608	1.53896063801e-06	402.878965463	8.66074641439	1.84142896306	8.66074643393	-1.08654430162e-07	-5.32217022647	1.84142892046	-5.32217018754	1.51381634381e-06	0.0368139731227	0.0	0.0	0.0	-0.0203405373146	0.0	0.0	0.0	-0.0156827006794	403.276127363	0.0366491905799
760	380.0	nan	nan	1	1	0.25	0.25	0.25	256.5	1.038	2.99849663328e-19	-2.05829006183e-19	6.77626357803e-21	0.979600103239	-4.54009659728e-19	1.6347735882e-19	-1.35525271561e-19	0.98423538099	390.415347037	8.90434792007	1.8751075416	8.40337200859	7.76051971574e-08	-5.43102359485	1.77798378588	-5.45672209946	2.81313493333e-08	404.929191311	8.71577066917	1.84408104915	8.71577067231	7.59616658349e-08	-5.34115908904	1.8440810333	-5.34115904401	2.76658735798e-08	0.0372957847437	0.0	0.0	0.0	-0.0206108485152	0.0	0.0	0.0	-0.0158902022125	405.328668804	0.0371310348942
770	385.0	nan	nan	1	1	0.25	0.25	0.25	256.5	1.0385	-1.38066370402e-19	6.33580644546e-19	5.08219768353e-20	0.979335495012	-4.87890977618e-19	2.71050543121e-20	2.71050543121e-19	0.984031233803	392.198160162	8.96144637917	1.87820807159	8.45090277691	-3.07687540502e-07	-5.45167236109	1.77969705335	-5.47781210964	-1.52072027693e-07	406.972602343	8.7692555485	1.84673978889	8.76925555655	-3.01088748129e-07	-5.36033276479	1.84673977279	-5.36033271903	-1.49524149411e-07	0.037777364334	0.0	0.0	0.0	-0.0208810036227	0.0	0.0	0.0	-0.0160976407639	407.374311432	0.0376126481855
780	390.0	nan	nan	1	1	0.25	0.25	0.25	256.5	1.039	-2.51568785335e-19	-3.9810548521e-19	-3.04931861012e-19	0.979071110821	-1.47722546001e-18	-1.8804131429e-19	8.13151629364e-20	0.983827191076	393.972748687	9.01684006311	1.88138407643	8.49675421857	6.80982739309e-07	-5.47246827002	1.78147909335	-5.49905210073	1.01361598498e-06	409.009245214	8.82104418347	1.84947165726	8.82104419986	6.66195561819e-07	-5.37964315072	1.84947162403	-5.37964311313	9.96422824584e-07	0.0382587121171	0.0	0.0	0.0	-0.0211510029087	0.0	0.0	0.0	-0.0163050161779	409.413089396	0.038094030656
790	395.0	nan	nan	1	1	0.25	0.25	0.25	256.5	1.0395	-1.76182853029e-19	-2.13452302708e-19	-5.42101086243e-20	0.978806950577	6.64073830647e-19	1.47383732822e-19	-2.98155597434e-19	0.983623252566	395.739162251	9.07037725653	1.88472093516	8.54078721558	-3.3398087973e-07	-5.49336524156	1.78341059098	-5.52039576719	1.47505182513e-08	411.039159282	8.87098960271	1.85236052079	8.87098961025	-3.26639215529e-07	-5.39904487181	1.85236049372	-5.39904483227	1.44972537652e-08	0.0387398283159	0.0	0.0	0.0	-0.0214208463181	0.0	0.0	0.0	-0.0165123286532	411.44503489	0.0385751824877
800	400.0	nan	nan	1	1	0.25	0.25	0.25	256.5	1.04	4.74338450462e-20	6.09863722023e-20	3.7947076037e-19	0.978543014478	-6.77626357803e-21	8.47032947254e-20	-1.08420217249e-19	0.983419417773	397.497452915	9.12190619191	1.88832513085	8.58286307302	-4.19426068765e-07	-5.5143189422	1.78559188123	-5.54179858912	4.66979647368e-07	413.062386505	8.91894494612	1.85551091198	8.91894495924	-4.1009389239e-07	-5.41849430599	1.85551086774	-5.41849427949	4.5886474591e-07	0.0392207131533	0.0	0.0	0.0	-0.0216905335026	0.0	0.0	0.0	-0.0167195786501	413.470176513	0.039056103829
810	405.0	nan	nan	1	1	0.25	0.25	0.25	256.5	1.0405	1.15196480827e-19	5.16690097825e-19	-2.16840434497e-19	0.978279302898	9.01243055879e-19	-1.84653182501e-19	3.1170812459e-19	0.983215685986	399.247664881	9.17127776401	1.89232488454	8.62284596404	-2.40473361224e-07	-5.5352898051	1.78814365322	-5.563220773	-8.35724096038e-08	415.078960788	8.96476611754	1.85904863041	8.96476612545	-2.35058570507e-07	-5.43795254989	1.85904859216	-5.43795252673	-8.21028011032e-08	0.0397013668516	0.0	0.0	0.0	-0.0219600639339	0.0	0.0	0.0	-0.0169267668442	415.488540256	0.0395367948231
820	410.0	nan	nan	1	1	0.25	0.25	0.25	256.5	1.041	-1.0503208546e-19	1.3891340335e-19	3.93023287526e-19	0.978015816314	-1.82959116607e-19	-3.1170812459e-19	-2.84603070277e-19	0.9830120564	400.989843045	9.21835811709	1.89686130612	8.66061482795	-8.40862187768e-07	-5.55624647184	1.79119836591	-5.58463078719	4.91031320993e-07	417.088916842	9.00832408017	1.86311202889	9.0083240771	-8.21703713169e-07	-5.45738879471	1.86311199459	-5.45738876274	4.82294808667e-07	0.0401817896328	0.0	0.0	0.0	-0.0222294369779	0.0	0.0	0.0	-0.0171338940068	417.500152381	0.0400172556011
830	415.0	nan	nan	1	1	0.25	0.25	0.25	256.5	1.0415	2.7443867491e-19	6.33580644546e-19	2.7443867491e-19	0.977752555159	2.71050543121e-20	1.94817577868e-19	-2.71050543121e-20	0.982808528254	402.724032411	9.26305877844	1.90207828057	8.69609158929	-2.57359452138e-07	-5.57718298057	1.79489074716	-5.6060226467	1.95763587951e-07	419.092289576	9.0495342736	1.86784206872	9.04953427463	-2.51427011146e-07	-5.47679719729	1.86784202637	-5.47679716747	1.92239966585e-07	0.0406619817189	0.0	0.0	0.0	-0.0224986520449	0.0	0.0	0.0	-0.0173409608656	419.505043882	0.0404974862984
840	420.0	nan	nan	1	1	0.25	0.25	0.25	256.5	1.042	7.62329652529e-21	-2.16840434497e-19	2.77826806699e-19	0.977489519705	-4.26904605416e-19	4.72644384568e-19	-3.52365706058e-19	0.982605100954	404.450279345	9.3053621441	1.90810175481	8.72926484907	1.75716910467e-08	-5.59812661499	1.79933826078	-5.62742375152	-1.66146049391e-07	421.089115406	9.08838144324	1.87336198124	9.08838144306	1.71619576333e-08	-5.49620456049	1.87336193159	-5.49620453289	-1.63121118395e-07	0.0411419433312	0.0	0.0	0.0	-0.0227677087095	0.0	0.0	0.0	-0.0175479679788	421.503253196	0.0409774870626
850	425.0	nan	nan	1	1	0.25	0.25	0.25	256.5	1.0425	-2.71050543121e-20	5.57347679293e-19	1.45689666928e-19	0.977226710035	-1.08420217249e-19	1.66865490609e-19	1.89735380185e-19	0.982401774096	406.168633601	9.34532996914	1.91501597408	8.76019766632	-9.16940950502e-07	-5.61913524056	1.80461876561	-5.64889226773	-1.05374570203e-06	423.079434365	9.12492783555	1.8797539605	9.12492784275	-8.95315631487e-07	-5.51566768423	1.87975393331	-5.51566766118	-1.03434262876e-06	0.0416216746908	0.0	0.0	0.0	-0.0230366067394	0.0	0.0	0.0	-0.0177549157114	423.494828443	0.0414572580575
860	430.0	nan	nan	1	1	0.25	0.25	0.25	256.5	1.043	-6.94567016749e-20	2.77826806699e-19	2.4055735702e-19	0.976964126054	5.42101086243e-19	-2.13452302708e-19	2.03287907341e-19	0.982198547479	407.8791504	9.38308574589	1.92284646606	8.78901070277	-2.03782519415e-07	-5.64028634405	1.81075452118	-5.6705060951	-5.51812374128e-08	425.063292274	9.15929589066	1.88704250752	9.15929588823	-1.98922235523e-07	-5.53526257748	1.88704246716	-5.53526255449	-5.41537467794e-08	0.0421011760186	0.0	0.0	0.0	-0.0233053460843	0.0	0.0	0.0	-0.0179618042225	425.479824237	0.0419367994558
870	435.0	nan	nan	1	1	0.25	0.25	0.25	256.5	1.0435	1.0503208546e-19	7.64023718423e-19	-3.65918233214e-19	0.97670176763	8.53809210832e-19	-5.53112514557e-19	-1.35525271561e-19	0.981995420915	409.581880075	9.41878627538	1.93156262976	8.81585548338	-5.40739692412e-07	-5.66165840549	1.81771502427	-5.692344162	-1.70035767827e-07	427.040729975	9.19164041932	1.89519703095	9.19164041214	-5.27699075854e-07	-5.55506615992	1.89519700117	-5.55506613595	-1.66834498337e-07	0.0425804475351	0.0	0.0	0.0	-0.023573926732	0.0	0.0	0.0	-0.0181686336579	427.458297042	0.0424161114402
880	440.0	nan	nan	1	1	0.25	0.25	0.25	256.5	1.044	-1.19431645563e-19	-6.43745039913e-20	2.64274279543e-19	0.976439634719	5.89534931289e-19	4.06575814682e-20	2.98155597434e-19	0.981792394148	411.276878895	9.45260973072	1.94108455892	8.84090306283	-6.48079070964e-07	-5.68331267755	1.82542338404	-5.7144681193	-4.54858872623e-07	429.011794592	9.22213691404	1.90413859836	9.22213691903	-6.32277655994e-07	-5.57513838648	1.90413855498	-5.57513838912	-4.46201239502e-07	0.0430594894604	0.0	0.0	0.0	-0.0238423485803	0.0	0.0	0.0	-0.0183754042328	429.430305783	0.04289519418
890	445.0	nan	nan	1	1	0.25	0.25	0.25	256.5	1.0445	-2.32934060495e-19	-4.8111471404e-19	-3.1170812459e-19	0.976177727526	-1.49077798717e-19	1.11808349038e-19	-2.43945488809e-19	0.981589466664	412.964197669	9.48473672486	1.95129820722	8.86432621779	-2.53565668851e-07	-5.70528988995	1.8337709104	-5.73691888181	-1.28613545702e-07	430.976527665	9.25096305735	1.91375486021	9.25096304958	-2.47315945947e-07	-5.5955190321	1.91375480964	-5.59551900893	-1.26138996727e-07	0.0435383020145	0.0	0.0	0.0	-0.0241106112718	0.0	0.0	0.0	-0.0185821164254	431.395903299	0.0433740478249
900	450.0	nan	nan	1	1	0.25	0.25	0.25	256.5	1.045	-1.14349447879e-19	1.50094238253e-18	-8.80914265144e-20	0.975916046561	-1.30781887056e-18	-1.43148568086e-19	-4.06575814682e-20	0.981386637633	414.643886	9.51534054674	1.9620725883	8.88629044793	-3.10402655523e-07	-5.72760442342	1.84263326905	-5.75971103991	-2.02847634939e-07	432.93496958	9.27828919895	1.92391695047	9.27828918899	-3.0266973545e-07	-5.61622199989	1.92391689645	-5.61622198051	-1.98902938428e-07	0.0440168854168	0.0	0.0	0.0	-0.0243787141366	0.0	0.0	0.0	-0.0187887710365	433.355141046	0.043852672501
910	455.0	nan	nan	1	1	0.25	0.25	0.25	256.5	1.0455	-3.38813178902e-19	2.57498015965e-19	-3.72694496792e-19	0.975654592728	2.64274279543e-19	-1.32137139772e-19	-3.7947076037e-19	0.981183905835	416.315990671	9.54458297798	1.97326898017	8.90694998435	-3.22346858261e-07	-5.75024999265	1.85187920664	-5.78283828038	-3.24431371018e-07	434.88715787	9.3042742886	1.93448852719	9.30427427911	-3.14230971882e-07	-5.63724091903	1.93448847256	-5.63724089899	-3.18055354541e-07	0.0444952398866	0.0	0.0	0.0	-0.0246466561002	0.0	0.0	0.0	-0.0189953692649	435.308064602	0.044331068298
920	460.0	nan	nan	1	1	0.25	0.25	0.25	256.5	1.046	3.10014058695e-19	-5.45489218032e-19	4.37069000783e-19	0.975393367243	-5.42101086243e-19	1.39760436297e-19	4.74338450462e-19	0.980981269729	417.980556973	9.57260934445	1.98474833998	8.92644326585	-5.13186207307e-07	-5.77320125872	1.86137753751	-5.80627518962	3.54742527575e-07	436.833128604	9.32906106866	1.94533304808	9.32906106296	-5.00129619336e-07	-5.65855074701	1.94533300571	-5.65855075417	3.47697664508e-07	0.0449733656427	0.0	0.0	0.0	-0.0249144357672	0.0	0.0	0.0	-0.0192019126378	437.25471639	0.0448092352802
930	465.0	nan	nan	1	1	0.25	0.25	0.25	256.5	1.0465	-4.74338450462e-20	-9.96110745971e-19	-1.96511643763e-19	0.975132371575	2.71050543121e-20	-2.71050543121e-20	-3.1170812459e-19	0.980778727515	419.637627892	9.5995440024	1.99638013246	8.94488877647	-4.99064602311e-07	-5.79641843082	1.87100536997	-5.82998169882	-2.75032035091e-07	438.772915535	9.3527716978	1.95632242201	9.35277169328	-4.86235313544e-07	-5.68011229886	1.95632237578	-5.68011228635	-2.69513470039e-07	0.0454512629039	0.0	0.0	0.0	-0.0251820514817	0.0	0.0	0.0	-0.0194084029475	439.195135871	0.0452871734916
940	470.0	nan	nan	1	1	0.25	0.25	0.25	256.5	1.047	4.8111471404e-19	-9.96110745971e-19	2.7443867491e-19	0.974871607209	-2.64274279543e-19	5.31936690876e-19	5.42101086243e-20	0.980576277381	421.287244913	9.62548145225	2.00805621867	8.96237685342	-7.58374484489e-07	-5.81985268687	1.88066116718	-5.85390879281	-2.95527207511e-07	440.706550924	9.37549912133	1.9673506078	9.37549911335	-7.38678823309e-07	-5.70187757412	1.9673505582	-5.70187756484	-2.89536530855e-07	0.0459289318884	0.0	0.0	0.0	-0.0254495015694	0.0	0.0	0.0	-0.0196148420003	441.129357513	0.0457648829726
950	475.0	nan	nan	1	1	0.25	0.25	0.25	256.5	1.0475	1.84653182501e-19	1.16890546721e-18	-5.28548559087e-19	0.974611075439	1.62630325873e-19	3.10861091642e-19	-1.62630325873e-19	0.980373917707	422.929450586	9.65048280795	2.01969557428	8.97896650761	-6.55760669765e-07	-5.84344233779	1.89026903351	-5.87799440354	-2.99211190435e-07	442.63406823	9.39730367088	1.97833821309	9.39730365965	-6.38556875536e-07	-5.72378601016	1.978338163	-5.72378599963	-2.93084234751e-07	0.0464063728142	0.0	0.0	0.0	-0.0257167845505	0.0	0.0	0.0	-0.0198212314081	443.057415425	0.0462423637807
960	480.0	nan	nan	1	1	0.25	0.25	0.25	256.5	1.048	-9.74087889342e-20	5.72594272344e-19	1.18584612616e-19	0.97435077712	-5.42101086243e-20	-6.43745039913e-20	1.89735380185e-19	0.980171647315	424.564289499	9.67457976482	2.03124935015	8.99468922034	-8.37530737263e-07	-5.86712016734	1.89978336606	-5.90217093093	-5.34238817546e-07	444.555503131	9.41821696896	1.98923742279	9.41821695973	-8.15337347302e-07	-5.7457716848	1.98923736882	-5.74577167864	-5.23189262063e-07	0.0468835858989	0.0	0.0	0.0	-0.0259838993944	0.0	0.0	0.0	-0.0200275723331	444.979344762	0.046719616011
970	485.0	nan	nan	1	1	0.25	0.25	0.25	256.5	1.0485	-3.08319992801e-19	-4.92973175302e-19	-3.25260651746e-19	0.974090712424	1.62630325873e-19	-6.32733611599e-19	-3.52365706058e-19	0.979969465721	426.191806878	9.69778352957	2.04269726625	9.00955733373	-9.56975698574e-07	-5.89082150024	1.90918539962	-5.92637330741	-4.93088740561e-07	446.470892055	9.4382506564	2.00002843565	9.43825065357	-9.31365036941e-07	-5.76777122311	2.00002837856	-5.76777122197	-4.82788868773e-07	0.0473605713598	0.0	0.0	0.0	-0.0262508457708	0.0	0.0	0.0	-0.0202338652305	446.895179774	0.0471966398163
980	490.0	nan	nan	1	1	0.25	0.25	0.25	256.5	1.049	9.14795583035e-20	-1.13502414932e-19	-1.11808349038e-19	0.973830880766	-5.08219768353e-19	-2.96461531539e-19	2.71050543121e-19	0.979767373208	427.812051398	9.7200967394	2.05404250075	9.02357518911	-7.16728019268e-07	-5.91448834811	1.91847833483	-5.95054318407	-8.13616891693e-07	448.380275133	9.45740801557	2.01071443196	9.45740802008	-6.97358215265e-07	-5.78972785366	2.01071437982	-5.78972785095	-7.96454418845e-07	0.0478373294142	0.0	0.0	0.0	-0.0265176241262	0.0	0.0	0.0	-0.0204401097728	448.804959042	0.0476734354137
990	495.0	nan	nan	1	1	0.25	0.25	0.25	256.5	1.0495	5.14996031931e-19	1.52465930506e-19	2.0667603913e-19	0.97357128071	7.72494047896e-19	-3.49824607216e-19	5.42101086243e-19	0.979565370922	429.425076205	9.74152670044	2.0652926765	9.03675142855	-6.65432507374e-07	-5.93807367234	1.9276694956	-5.97463324555	-9.39418457246e-07	450.283697277	9.47569685787	2.02130294112	9.47569685632	-6.47273975956e-07	-5.81159557436	2.02130289008	-5.81159557559	-9.19409298348e-07	0.0483138602786	0.0	0.0	0.0	-0.0267842357821	0.0	0.0	0.0	-0.0206463047515	450.708726516	0.0481500030928
1000	500.0	nan	nan	1	1	0.25	0.25	0.25	256.5	1.05	-3.8878812279e-19	-1.8804131429e-19	-2.87991202066e-19	0.973311910069	6.77626357803e-19	-1.8211208366e-19	9.08019319457e-19	0.979363460768	431.030935822	9.76209471259	2.07645367326	9.04910766655	-7.16641505194e-07	-5.96154323648	1.93676457503	-5.99860903406	-1.08602535531e-06	452.181204946	9.49313858648	2.03179978222	9.49313858538	-6.96897267031e-07	-5.83334095318	2.03179973048	-5.83334095428	-1.0626705083e-06	0.0487901641694	0.0	0.0	0.0	-0.0270506828332	0.0	0.0	0.0	-0.020852448182	452.606529088	0.0486263432079
1010	505.0	nan	nan	1	1	0.25	0.25	0.25	256.5	1.0505	-7.62329652529e-20	1.23666810299e-19	2.16840434497e-19	0.973052766062	2.71050543121e-20	1.86347248396e-20	4.06575814682e-19	0.979161645255	432.629687693	9.78183655896	2.0875297313	9.06067883993	-7.56490281195e-07	-5.98487647364	1.94576772379	-6.02244986089	-1.18502424878e-06	454.072847769	9.50976865526	2.0422091669	9.50976865574	-7.35449577463e-07	-5.85494396269	2.04220911456	-5.85494396372	-1.15929720548e-06	0.0492662413029	0.0	0.0	0.0	-0.027316967987	0.0	0.0	0.0	-0.0210585374612	454.498418041	0.049102456164
1020	510.0	nan	nan	1	1	0.25	0.25	0.25	256.5	1.051	-3.24413618798e-19	2.67662411332e-19	-2.43945488809e-19	0.972793845489	3.7947076037e-19	-4.09963946471e-19	4.74338450462e-19	0.978959927315	434.221389705	9.8007974641	2.09852151356	9.07150852025	-8.01325543531e-07	-6.00806021595	1.9546797488	-6.04614247954	-1.30386970343e-06	455.958675954	9.5256316513	2.05253180529	9.52563165212	-7.78827640144e-07	-5.8763918319	2.05253175294	-5.87639183264	-1.27529502031e-06	0.0497420918948	0.0	0.0	0.0	-0.0275830943846	0.0	0.0	0.0	-0.0212645695519	456.384446155	0.0495783424021
1030	515.0	nan	nan	1	1	0.25	0.25	0.25	256.5	1.0515	-3.05778893959e-19	1.00966327313e-18	2.43945488809e-19	0.972535144945	1.34170018845e-18	7.79270311474e-20	-5.96311194867e-19	0.978758310089	435.806099482	9.81902553221	2.10943054996	9.08164281537	-8.55931208465e-07	-6.03108764081	1.96350226303	-6.06968002766	-1.40316379038e-06	457.838739546	9.54077490891	2.06276925534	9.54077491008	-8.31675910277e-07	-5.89767800696	2.06276920463	-5.89767800512	-1.37212534778e-06	0.0502177161606	0.0	0.0	0.0	-0.0278490653816	0.0	0.0	0.0	-0.0214705412008	458.264666393	0.050054002381
1040	520.0	nan	nan	1	1	0.25	0.25	0.25	256.5	1.052	4.15046144155e-19	1.52465930506e-19	3.4558944248e-19	0.972276660964	3.4558944248e-19	2.4987471944e-19	2.71050543121e-20	0.978556796773	437.383873771	9.83656628326	2.12025986323	9.09112530402	-1.05333840994e-06	-6.053956288	1.97223826184	-6.09306003857	-1.43029690269e-06	459.713087784	9.55524319982	2.07292453339	9.55524319841	-1.02321322185e-06	-5.91880020515	2.0729244848	-5.91880020152	-1.39836516789e-06	0.0506931143155	0.0	0.0	0.0	-0.0281148843999	0.0	0.0	0.0	-0.0216764490957	460.139130966	0.050529436567
1050	525.0	nan	nan	1	1	0.25	0.25	0.25	256.5	1.0525	1.10114283143e-19	6.16639985601e-19	6.33580644546e-19	0.972018390123	5.48877349821e-19	-2.89685267961e-19	4.06575814682e-19	0.978355390524	438.954768143	9.85345976678	2.13101324009	9.09999437513	-1.40022903439e-06	-6.07666638266	1.9808914745	-6.11628273997	-1.62683561905e-06	461.581768782	9.56907593472	2.08300140009	9.56907591492	-1.35981657947e-06	-5.93975877055	2.0830013863	-5.93975876111	-1.59018292729e-06	0.0511682865744	0.0	0.0	0.0	-0.028380554821	0.0	0.0	0.0	-0.0218822899618	462.007890801	0.051004645422
1060	530.0	nan	nan	1	1	0.25	0.25	0.25	256.5	1.053	-6.60685698858e-20	4.64174055095e-19	-4.4723339615e-19	0.971760329093	-1.62630325873e-19	-3.40507244796e-19	-2.03287907341e-19	0.978154094408	440.518838385	9.86974107913	2.14169764922	9.10828378767	-1.61147307143e-06	-6.09922076045	1.98946843571	-6.13935101365	-9.6266088484e-07	463.444830986	9.58230767324	2.09300672249	9.58230766255	-1.56454264137e-06	-5.96055659782	2.09300666078	-5.96055659973	-9.40775045527e-07	0.0516432331518	0.0	0.0	0.0	-0.0286460799335	0.0	0.0	0.0	-0.0220880606143	463.870996211	0.0514796293985
1070	535.0	nan	nan	1	1	0.25	0.25	0.25	256.5	1.0535	8.04681299892e-20	1.57886941368e-18	-4.74338450462e-20	0.971502474668	4.33680868994e-19	-6.40356908124e-19	-5.42101086243e-19	0.977952911346	442.076137125	9.88543813944	2.15231858378	9.1160205053	-3.51118788133e-06	-6.12162608189	1.99797455062	-6.16227154403	-3.71352725514e-06	465.302319642	9.59496597234	2.10294592006	9.59496595905	-3.40801568617e-06	-5.98120031581	2.10294588402	-5.98120032145	-3.62834157037e-06	0.0521179542621	0.0	0.0	0.0	-0.0289114629028	0.0	0.0	0.0	-0.0222937580144	465.728497593	0.0519543889452
1080	540.0	nan	nan	1	1	0.25	0.25	0.25	256.5	1.054	-4.71797351621e-19	6.23416249179e-19	-5.62429876977e-19	0.971244823766	-6.50521303491e-19	1.93123511974e-19	2.30392961653e-19	0.97775184418	443.626718942	9.90057754125	2.16288436457	9.1232302398	-1.80177844677e-06	-6.1438909171	2.00641756776	-6.18505295972	-9.06749147267e-07	467.154282129	9.60707707337	2.11282716977	9.6070770569	-1.74836511659e-06	-6.00169841273	2.11282711004	-6.00169840995	-8.85763596935e-07	0.0525924501192	0.0	0.0	0.0	-0.0291767067703	0.0	0.0	0.0	-0.0224993792015	467.58043757	0.0524289244864
1090	545.0	nan	nan	1	1	0.25	0.25	0.25	256.5	1.0545	-4.15046144155e-19	1.18584612616e-19	-5.55653613399e-19	0.970987373399	-9.48676900925e-20	-2.08370105025e-19	-1.89735380185e-19	0.977550895595	445.170633668	9.91518009332	2.17340313411	9.12993331136	-2.42333250811e-06	-6.16602652704	2.01480523938	-6.20770664293	-1.43115945617e-06	469.000760965	9.61866157872	2.12265846756	9.61866157996	-2.35086151425e-06	-6.02206199735	2.1226584123	-6.02206201162	-1.39774471215e-06	0.0530667209367	0.0	0.0	0.0	-0.0294418144839	0.0	0.0	0.0	-0.0227049213732	469.426867813	0.0529032364571
1100	550.0	nan	nan	1	1	0.25	0.25	0.25	256.5	1.055	4.62479989201e-19	-1.00288700955e-18	2.50721752387e-19	0.970730120692	9.89334482393e-19	-5.10760867194e-19	-1.89735380185e-19	0.977350068207	446.707932865	9.92926744378	2.18388344325	9.13615069804	-2.50582844086e-06	-6.18805027294	2.02314556789	-6.2302500401	-1.74781746787e-06	470.841800566	9.62974088298	2.13244820124	9.62974088533	-2.43023754968e-06	-6.04230812525	2.13244814321	-6.04230814227	-1.70665253541e-06	0.053540766928	0.0	0.0	0.0	-0.0297067888783	0.0	0.0	0.0	-0.0229103817954	471.267831816	0.0533773252693
1110	555.0	nan	nan	1	1	0.25	0.25	0.25	256.5	1.0555	-1.71100655345e-19	-1.50094238253e-18	-6.77626357803e-21	0.97047306284	-1.40946282423e-18	3.04931861012e-20	-5.55653613399e-19	0.977149364542	448.238664331	9.94285906676	2.19433903877	9.141901369	-2.70525485613e-06	-6.20998027162	2.03145138391	-6.25270141442	-2.00954653468e-06	472.677441493	9.64033425039	2.14220982406	9.64033425347	-2.6229438505e-06	-6.06245457517	2.14220976251	-6.0624545916	-1.9618072925e-06	0.0540145883062	0.0	0.0	0.0	-0.0299716327191	0.0	0.0	0.0	-0.023115757824	473.103372691	0.0538511913349
1120	560.0	nan	nan	1	1	0.25	0.25	0.25	256.5	1.056	5.48030316874e-19	-3.21872519957e-19	6.97955148538e-19	0.970216197084	-2.84603070277e-19	-4.16740210049e-19	-2.16840434497e-19	0.976948787083	449.762876499	9.95597685014	2.20478804632	9.14720643888	-2.74659172794e-06	-6.23183894129	2.03973953615	-6.2750833629	-2.2504082568e-06	474.507725067	9.65046326427	2.15196105196	9.65046326592	-2.66230857819e-06	-6.08252330927	2.15196099456	-6.082523331	-2.19648819655e-06	0.0544881852841	0.0	0.0	0.0	-0.0302363487278	0.0	0.0	0.0	-0.0233210468568	474.933534146	0.0543248350611
1130	565.0	nan	nan	1	1	0.25	0.25	0.25	256.5	1.0565	1.43995601033e-19	7.9282283863e-19	3.65918233214e-19	0.969959520709	0.0	4.02340649946e-19	-3.52365706058e-19	0.976748338267	451.280613767	9.96864343776	2.21525463645	9.15208764916	-1.64370178879e-06	-6.25365108372	2.04803239817	-6.29742085165	-1.76013246872e-06	476.332688448	9.66015021742	2.16172548495	9.66015020776	-1.59283520285e-06	-6.10253859724	2.16172542868	-6.10253860408	-1.71760083555e-06	0.054961558074	0.0	0.0	0.0	-0.0305009395833	0.0	0.0	0.0	-0.0235262463363	476.758355218	0.0547982568516
1140	570.0	nan	nan	1	1	0.25	0.25	0.25	256.5	1.057	4.91279109407e-20	8.01293168103e-19	-3.18484388168e-19	0.96970303098	-9.48676900925e-20	-1.3891340335e-19	2.71050543121e-20	0.976548020532	452.79191642	9.98088204062	2.22577183675	9.15656722513	-1.61830804757e-06	-6.27544470137	2.0563604757	-6.31974213468	-1.69619797352e-06	478.152364551	9.66941792791	2.17153534469	9.66941791824	-1.56780701189e-06	-6.12252781156	2.17153528623	-6.12252781349	-1.65486587182e-06	0.0554347068881	0.0	0.0	0.0	-0.0307654079882	0.0	0.0	0.0	-0.0237313537025	478.577873426	0.0552714571181
1150	575.0	nan	nan	1	1	0.25	0.25	0.25	256.5	1.0575	2.93920432697e-19	5.57347679293e-19	4.4723339615e-19	0.969446725131	5.28548559087e-19	6.60685698858e-20	-5.82758667711e-19	0.976347836358	454.296822565	9.99271472016	2.23638389745	9.16066624479	-1.88989560279e-06	-6.29725063143	2.06476455737	-6.34207828782	-2.06384405027e-06	479.966784062	9.67828807523	2.18143377305	9.67828806847	-1.83042892629e-06	-6.14252106735	2.18143371299	-6.14252106501	-2.01313339749e-06	0.0559076319383	0.0	0.0	0.0	-0.0310297566798	0.0	0.0	0.0	-0.0239363663497	480.392122211	0.0557444362719
1160	580.0	nan	nan	1	1	0.25	0.25	0.25	256.5	1.058	-3.80317793317e-19	3.55753837847e-19	4.87890977618e-19	0.969190600275	5.42101086243e-20	5.14148998983e-19	-2.71050543121e-20	0.976147788337	455.795365548	10.0041629314	2.24714811961	9.16440516343	-1.44730483542e-06	-6.31910370754	2.07329736064	-6.36446443747	-1.85720694751e-06	481.775972716	9.68678172707	2.19147660383	9.68678171326	-1.4013892146e-06	-6.16255235308	2.19147654442	-6.16255235328	-1.81119595029e-06	0.0563803334361	0.0	0.0	0.0	-0.0312939885237	0.0	0.0	0.0	-0.0241412815558	482.201129735	0.0562171947381
1170	585.0	nan	nan	1	1	0.25	0.25	0.25	256.5	1.0585	4.06575814682e-20	4.40457132572e-19	-6.09863722023e-20	0.968934653362	3.1170812459e-19	2.45639554704e-19	1.21972744405e-19	0.975947879202	457.287570072	10.0152386787	2.25814113135	9.167795761	-1.58474742551e-06	-6.34104179172	2.08202927194	-6.38693875327	-1.9323573035e-06	483.579947186	9.69491077849	2.20173846913	9.69491077403	-1.53406078374e-06	-6.18265858292	2.20173840546	-6.1826585813	-1.88409189849e-06	0.0568528115928	0.0	0.0	0.0	-0.0315581065563	0.0	0.0	0.0	-0.024346096452	484.004916934	0.056689732963
1180	590.0	nan	nan	1	1	0.25	0.25	0.25	256.5	1.059	-1.22819777352e-19	5.65818008766e-19	1.21972744405e-19	0.968678881136	4.06575814682e-19	-1.15196480827e-19	2.98155597434e-19	0.975748111897	458.773456009	10.0259402208	2.26945935211	9.17083716154	-1.46170033444e-06	-6.36310913725	2.09104873968	-6.40954587308	-1.93375304164e-06	485.378719082	9.70267380706	2.21231323253	9.70267380571	-1.41457072718e-06	-6.2028828722	2.21231317006	-6.20288287066	-1.88506017457e-06	0.0573250666193	0.0	0.0	0.0	-0.0318221140304	0.0	0.0	0.0	-0.0245508079507	485.803497757	0.0571620514104
1190	595.0	nan	nan	1	1	0.25	0.25	0.25	256.5	1.0595	6.77626357803e-20	4.09963946471e-19	-8.13151629364e-20	0.968423280068	-1.89735380185e-19	2.37169225231e-19	-5.82758667711e-19	0.975548489614	460.253032646	10.0362447699	2.28122022996	9.17350927003	-1.25849684285e-06	-6.38535594853	2.10046331633	-6.43233643646	-2.29967584137e-06	487.17228886	9.71004902663	2.22331517518	9.71004901861	-1.2175934649e-06	-6.22327410254	2.22331510908	-6.2232741016	-2.24130232099e-06	0.0577970987262	0.0	0.0	0.0	-0.0320860144839	0.0	0.0	0.0	-0.0247554127079	487.596875181	0.0576341505761
1200	600.0	nan	nan	1	1	0.25	0.25	0.25	256.5	1.06	-8.47032947254e-21	-3.38813178902e-20	-6.09863722023e-20	0.968167846394	-1.51788304148e-18	-2.47333620598e-19	7.5894152074e-19	0.975349015778	461.726302766	10.0461045411	2.29355639622	9.17576923896	-1.6804957923e-06	-6.40783874862	2.11039426562	-6.45536745817	-2.32453682647e-06	488.960650111	9.71699049359	2.23487327876	9.71699048868	-1.62544213744e-06	-6.24388727372	2.23487322669	-6.24388726665	-2.26506104125e-06	0.058268908124	0.0	0.0	0.0	-0.0323498117016	0.0	0.0	0.0	-0.0249599071379	489.385044042	0.0581060309782
1210	605.0	nan	nan	1	1	0.25	0.25	0.25	256.5	1.0605	3.08319992801e-19	-4.03187682893e-19	-1.15196480827e-19	0.967912576307	4.06575814682e-19	1.15196480827e-19	4.87890977618e-19	0.975149693844	463.193267357	10.0554532958	2.30660202364	9.17755747092	-3.51117064212e-06	-6.4306155331	2.12096389356	-6.47869747823	-4.85765691094e-06	490.743794539	9.72343446845	2.24711791987	9.7234344609	-3.39523606166e-06	-6.26477877507	2.24711787186	-6.264778774	-4.7323845992e-06	0.0587404950226	0.0	0.0	0.0	-0.0326135095165	0.0	0.0	0.0	-0.0251642876215	491.167998119	0.0585776931429
1220	610.0	nan	nan	1	1	0.25	0.25	0.25	256.5	1.061	1.77876918923e-19	-5.35324822665e-19	-3.59141969636e-19	0.96765746628	-8.67361737988e-19	-4.23516473627e-20	2.71050543121e-19	0.974950527025	464.653931639	10.0642319597	2.32046202077	9.17882112762	-2.13935939897e-06	-6.45373662249	2.13226732469	-6.50237729573	-3.49008128436e-06	492.521718312	9.7293242079	2.26015086296	9.72932422611	-2.06816787144e-06	-6.28599747209	2.2601508244	-6.28599748948	-3.39937053744e-06	0.0592118596318	0.0	0.0	0.0	-0.0328771114765	0.0	0.0	0.0	-0.0253685507845	492.945728341	0.0590491375601
1230	615.0	nan	nan	1	1	0.25	0.25	0.25	256.5	1.0615	1.40607469244e-19	-8.50421079043e-19	-2.16840434497e-19	0.967402513533	5.96311194867e-19	3.89635155737e-19	2.84603070277e-19	0.974751517764	466.108311045	10.0724074818	2.33519225147	9.17953116326	-1.52783982021e-06	-6.47723921496	2.14435435531	-6.52644443517	-2.64212990664e-06	494.294428451	9.73462818724	2.27402602672	9.7346282018	-1.47660354353e-06	-6.30757940671	2.27402598353	-6.30757940203	-2.57292399368e-06	0.0596830021612	0.0	0.0	0.0	-0.0331406203612	0.0	0.0	0.0	-0.0255726940404	494.718246292	0.0595203646602
1240	620.0	nan	nan	1	1	0.25	0.25	0.25	256.5	1.062	5.70053173502e-19	-2.08708918203e-18	-4.54009659728e-19	0.967147716322	-8.13151629364e-19	3.03237795117e-19	3.25260651746e-19	0.974552667488	467.556428879	10.0800012012	2.3507928379	9.17970821974	-1.39027415536e-06	-6.5011394065	2.15722352271	-6.55091526946	-2.15325880387e-06	496.061940344	9.73936747746	2.28874301278	9.73936746457	-1.34329258729e-06	-6.32954003937	2.28874296306	-6.32954003174	-2.09642294405e-06	0.0601539228197	0.0	0.0	0.0	-0.0334040378817	0.0	0.0	0.0	-0.0257767158428	496.485569241	0.0599913747746
1250	625.0	nan	nan	1	1	0.25	0.25	0.25	256.5	1.0625	2.50721752387e-19	-1.96172830584e-18	-1.42301535139e-19	0.96689307404	1.04354459102e-18	-1.99899775552e-19	5.96311194867e-19	0.974353976512	468.998325364	10.0870826454	2.36722554121	9.17941678117	-1.5376312964e-06	-6.52543951857	2.17083816704	-6.57579218531	-2.01765869629e-06	497.824287366	9.74360968558	2.30426408026	9.74360966849	-1.48527376242e-06	-6.35188140242	2.30426401343	-6.35188137934	-1.96399471836e-06	0.0606246218164	0.0	0.0	0.0	-0.0336673645755	0.0	0.0	0.0	-0.0259806157857	498.247734252	0.0604621681252
1260	630.0	nan	nan	1	1	0.25	0.25	0.25	256.5	1.063	8.30092288309e-20	8.19927892942e-19	-3.1170812459e-19	0.966638586927	4.06575814682e-19	2.43098455862e-19	1.09775469964e-18	0.9741554443	470.434042066	10.0937458221	2.38443117509	9.17874336023	-1.46093952491e-06	-6.55013649558	2.18514257363	-6.60107222237	-2.15156121347e-06	499.581504397	9.74744599525	2.32053113187	9.7474459889	-1.41081709134e-06	-6.37460028824	2.32053107692	-6.3746002854	-2.09390182034e-06	0.0610950993598	0.0	0.0	0.0	-0.0339306001041	0.0	0.0	0.0	-0.0261843943362	500.004780554	0.060932744859
1270	635.0	nan	nan	1	1	0.25	0.25	0.25	256.5	1.0635	2.65121312491e-19	2.84603070277e-19	5.28548559087e-19	0.966384255711	5.96311194867e-19	5.84452733605e-20	-6.9117888496e-19	0.973957069828	471.863623595	10.1000861139	2.4023528292	9.17777545417	-1.54792367524e-06	-6.57523231522	2.20008318703	-6.62675737164	-2.0538545546e-06	501.333629632	9.75096882504	2.3374883322	9.75096881876	-1.4944184961e-06	-6.39769838614	2.33748827944	-6.39769837735	-1.99839965181e-06	0.0615653556582	0.0	0.0	0.0	-0.0341937436241	0.0	0.0	0.0	-0.0263880524629	501.756751144	0.0614031050789
1280	640.0	nan	nan	1	1	0.25	0.25	0.25	256.5	1.064	1.55854062295e-19	-1.93123511974e-19	-4.74338450462e-19	0.966130081241	-5.01443504775e-19	-2.87144169119e-19	1.35525271561e-20	0.973758851951	473.287115103	10.1061869303	2.42094065075	9.17658946773	-1.51026491324e-06	-6.600736829	2.21561309539	-6.65285765494	-2.08759547965e-06	503.080701927	9.75425894008	2.35508675763	9.75425893374	-1.45767292189e-06	-6.421185043	2.35508670246	-6.42118503302	-2.03080916828e-06	0.0620353909195	0.0	0.0	0.0	-0.0344567941656	0.0	0.0	0.0	-0.0265915912598	503.503689421	0.0618732488766
1290	645.0	nan	nan	1	1	0.25	0.25	0.25	256.5	1.0645	-7.44541960637e-19	7.82658443263e-19	2.43945488809e-19	0.965876064248	-5.14996031931e-19	-1.04947382165e-18	3.93023287526e-19	0.973560789638	474.704558212	10.1121190059	2.44016138466	9.17525006653	-1.46031148296e-06	-6.62666627243	2.23170069451	-6.6793895	-2.05683171423e-06	504.822756478	9.75738478798	2.37329366849	9.75738477718	-1.40908359971e-06	-6.44507580786	2.37329361336	-6.44507580085	-2.0004683769e-06	0.0625052053514	0.0	0.0	0.0	-0.0347197508804	0.0	0.0	0.0	-0.0267950117045	505.245634743	0.0623431763557
1300	650.0	nan	nan	1	1	0.25	0.25	0.25	256.5	1.065	5.84452733605e-20	1.0808140407e-18	-4.8111471404e-19	0.965622205173	2.344587198e-18	5.81064601816e-19	-1.34170018845e-18	0.973362882149	476.115993721	10.1179420208	2.45999686363	9.17381171359	-1.49474354838e-06	-6.65304533498	2.24832824513	-6.7063778569	-2.05669076814e-06	506.559827687	9.76040407667	2.39209102443	9.76040406572	-1.4419237621e-06	-6.46939443956	2.39209096829	-6.46939443215	-1.99991780445e-06	0.0629747991614	0.0	0.0	0.0	-0.0349826132194	0.0	0.0	0.0	-0.0269983144765	506.982625663	0.0628128876452
1310	655.0	nan	nan	1	1	0.25	0.25	0.25	256.5	1.0655	2.38863291126e-19	1.99222149194e-18	1.35525271561e-20	0.965368504087	1.08420217249e-19	3.64224167319e-19	4.33680868994e-19	0.97316512911	477.521459624	10.1237095941	2.48044127512	9.17232319772	-1.56137686946e-06	-6.67990643783	2.26548934876	-6.73385549421	-2.35751933497e-06	508.291947054	9.76336860369	2.41147281241	9.76336858422	-1.50580158035e-06	-6.49417219665	2.41147275982	-6.49417219082	-2.29196870656e-06	0.0634441725565	0.0	0.0	0.0	-0.0352453810166	0.0	0.0	0.0	-0.0272014998799	508.71469793	0.0632823829086
1320	660.0	nan	nan	1	1	0.25	0.25	0.25	256.5	1.066	2.76132740805e-19	-3.52365706058e-19	1.35525271561e-19	0.965114960606	6.50521303491e-19	1.02067470144e-18	-3.93023287526e-19	0.972967530606	478.920992113	10.1294725284	2.50149751581	9.17083064266	-1.80458082544e-06	-6.70728947197	2.28318556232	-6.76186272125	-2.31004605933e-06	510.019144237	9.76632739133	2.43144149112	9.76632737621	-1.73988597096e-06	-6.51944757572	2.43144143983	-6.51944757496	-2.24535175412e-06	0.0639133257437	0.0	0.0	0.0	-0.0355080545769	0.0	0.0	0.0	-0.0274045677476	510.441885316	0.0637516623493
1330	665.0	nan	nan	1	1	0.25	0.25	0.25	256.5	1.0665	-2.32087027548e-19	1.27732568446e-18	4.60785923306e-19	0.964861573927	-9.21571846613e-19	-6.35274710441e-19	8.40256683676e-19	0.972770087142	480.314625054	10.1352829477	2.52317493512	9.16938117665	-1.54833677735e-06	-6.7352409874	2.30142434164	-6.79044656558	-2.86147224715e-06	511.741446486	9.76933067915	2.4520057893	9.76933064696	-1.49243134687e-06	-6.54526551589	2.45200574819	-6.54526551459	-2.78076102385e-06	0.0643822589293	0.0	0.0	0.0	-0.0357706346404	0.0	0.0	0.0	-0.0276075174803	512.164219955	0.0642207262079
1340	670.0	nan	nan	1	1	0.25	0.25	0.25	256.5	1.067	1.74488787134e-19	-8.13151629364e-20	1.55854062295e-19	0.964608342867	-6.77626357803e-19	2.7443867491e-19	5.82758667711e-19	0.972572799603	481.702391415	10.1411917878	2.5454872348	9.16802080332	-1.94925041019e-06	-6.76381001822	2.32021706151	-6.81965659696	-2.10583458776e-06	513.458880164	9.77242750448	2.4731786585	9.7724274965	-1.87836979323e-06	-6.57167333565	2.47317861687	-6.57167333916	-2.04601503774e-06	0.0648509723196	0.0	0.0	0.0	-0.0360331223415	0.0	0.0	0.0	-0.0278103480877	513.881732659	0.0646895747597
1350	675.0	nan	nan	1	1	0.25	0.25	0.25	256.5	1.0675	9.14795583035e-20	-2.16840434497e-19	-3.7947076037e-19	0.964355265983	-2.98155597434e-19	5.08219768353e-20	5.82758667711e-19	0.972375669125	483.084318401	10.1472550956	2.5684490026	9.16679988926	-1.94377369633e-06	-6.79305088453	2.3395759029	-6.84954770025	-2.16097031192e-06	515.171465558	9.7756717739	2.49497390133	9.77567176898	-1.87259445821e-06	-6.59872345144	2.4949738602	-6.59872344654	-2.09915187116e-06	0.0653194661206	0.0	0.0	0.0	-0.0362955190859	0.0	0.0	0.0	-0.0280130583207	515.594449528	0.065158208306
1360	680.0	nan	nan	1	1	0.25	0.25	0.25	256.5	1.068	4.74338450462e-19	1.78215732102e-18	2.03287907341e-19	0.964102341728	8.13151629364e-20	4.27751638363e-19	1.49077798717e-19	0.972178696953	484.460433192	10.1535307929	2.59207224201	9.16577042169	-1.8576135884e-06	-6.82302130396	2.35951063984	-6.88017825174	-2.30988401273e-06	516.879222982	9.77911914138	2.51740279991	9.77911913751	-1.78911405009e-06	-6.62647153735	2.51740274867	-6.62647154079	-2.24334352526e-06	0.065787740538	0.0	0.0	0.0	-0.0365578263883	0.0	0.0	0.0	-0.0282156468172	517.302396161	0.0656266271565
1370	685.0	nan	nan	1	1	0.25	0.25	0.25	256.5	1.0685	-1.05879118407e-18	-2.03287907341e-20	-6.97955148538e-19	0.963849568622	-1.89735380185e-19	-3.81164826264e-20	1.02999206386e-18	0.97198188426	485.830761394	10.1600800749	2.61635859316	9.16498716895	-1.71403957383e-06	-6.85377677833	2.38002162713	-6.91160432098	-2.56514208702e-06	518.582171124	9.7828283543	2.54046656461	9.78282834697	-1.6503959437e-06	-6.65497107016	2.54046651796	-6.65497104614	-2.49073568226e-06	0.0662557957771	0.0	0.0	0.0	-0.0368200456958	0.0	0.0	0.0	-0.028418112288	519.005596672	0.0660948316162
1380	690.0	nan	nan	1	1	0.25	0.25	0.25	256.5	1.069	-1.35525271561e-20	-8.84302396933e-19	1.55854062295e-19	0.963596945505	1.20617491689e-18	3.549068049e-19	-6.77626357803e-19	0.971785231893	487.195326532	10.1669614831	2.64130048904	9.16450236369	-1.93843865925e-06	-6.88537391864	2.40110081384	-6.94388321303	-2.79097751776e-06	520.280326504	9.78685554646	2.56415746616	9.78685554306	-1.86596744518e-06	-6.68427655773	2.56415742796	-6.68427652159	-2.70946295953e-06	0.0667236320429	0.0	0.0	0.0	-0.037082178125	0.0	0.0	0.0	-0.0286204537784	520.704072887	0.0665628219631
1390	695.0	nan	nan	1	1	0.25	0.25	0.25	256.5	1.0695	-2.55803950071e-19	4.91279109407e-19	-2.71050543121e-20	0.963344471701	1.19262238973e-18	3.43895376585e-19	-5.96311194867e-19	0.971588740211	488.554150405	10.1742354976	2.66688261451	9.16436982933	-2.40445543975e-06	-6.91786603416	2.42273312885	-6.9770688673	-2.36720606739e-06	521.973703843	9.79125866262	2.58846026053	9.79125867468	-2.31394733874e-06	-6.71443925565	2.58846022215	-6.71443923259	-2.29759600238e-06	0.0671912495403	0.0	0.0	0.0	-0.0373442242912	0.0	0.0	0.0	-0.0288226708354	522.397844188	0.0670305984332
1400	700.0	nan	nan	1	1	0.25	0.25	0.25	256.5	1.07	5.64123942871e-19	3.35425047113e-19	6.50521303491e-19	0.963092147149	-2.16840434497e-19	-1.11808349038e-19	5.69206140555e-19	0.971392408951	489.90725378	10.1819632189	2.69308216476	9.16464376901	-1.84499497125e-06	-6.95130380925	2.44489674852	-7.01121252367	-2.16707013845e-06	523.662316806	9.79609618927	2.61335244696	9.79609620341	-1.7750749849e-06	-6.74550782638	2.6133523964	-6.74550779733	-2.10291320598e-06	0.0676586484738	0.0	0.0	0.0	-0.037606184172	0.0	0.0	0.0	-0.029024763646	524.086928892	0.0674981612084
1410	705.0	nan	nan	1	1	0.25	0.25	0.25	256.5	1.0705	1.91429446079e-19	-7.48777125373e-19	-8.80914265144e-20	0.962839972419	8.2670415652e-19	-2.79520872594e-20	3.7947076037e-19	0.971196237205	491.254655989	10.190210698	2.71987205347	9.1653827129	-2.05397856079e-06	-6.98573380876	2.4675660534	-7.04636134411	-2.30635360016e-06	525.346177565	9.80143131902	2.63880738789	9.80143132576	-1.97561467481e-06	-6.7775268917	2.63880734409	-6.77752686476	-2.23761368165e-06	0.0681258290476	0.0	0.0	0.0	-0.0378680570894	0.0	0.0	0.0	-0.0292267330615	525.771344967	0.0679655104178
1420	710.0	nan	nan	1	1	0.25	0.25	0.25	256.5	1.071	-5.37018888559e-19	5.04831636564e-19	6.23416249179e-19	0.962587948724	-8.94466792301e-19	3.43895376585e-19	-2.71050543121e-20	0.971000223421	492.596374081	10.1990498281	2.74721811373	9.1666502958	-2.27416451859e-06	-7.02119776024	2.49070901951	-7.08255758595	-2.18140792563e-06	527.025295888	9.80733280192	2.66479159789	9.80733281574	-2.18682020933e-06	-6.81053634042	2.66479155561	-6.81053632494	-2.11595776933e-06	0.0685927914656	0.0	0.0	0.0	-0.038129841697	0.0	0.0	0.0	-0.0294285805971	527.451106418	0.0684326461322
1430	715.0	nan	nan	1	1	0.25	0.25	0.25	256.5	1.0715	8.13151629364e-20	1.03338019565e-18	-3.59141969636e-19	0.962336077837	-6.36968776335e-19	-5.38712954454e-19	-1.89735380185e-19	0.970804365471	493.932422676	10.2085605158	2.77507707757	9.16851711639	-2.20221798197e-06	-7.05773139548	2.51428549028	-7.11983742189	-2.06473176756e-06	528.699678981	9.8138770247	2.69126279141	9.81387702777	-2.1170758035e-06	-6.8445702103	2.69126275286	-6.84457018069	-2.00237169093e-06	0.0690595359315	0.0	0.0	0.0	-0.0383915360652	0.0	0.0	0.0	-0.0296303083629	529.126225384	0.0688995683762
1440	720.0	nan	nan	1	1	0.25	0.25	0.25	256.5	1.072	-5.42101086243e-20	8.57197342621e-19	8.80914265144e-20	0.962084362024	1.07064964533e-18	-7.96210970419e-20	-5.96311194867e-19	0.970608660733	495.262815356	10.2188344122	2.80339056829	9.17106416996	-2.56368029972e-06	-7.09536218169	2.53824173231	-7.1582287547	-2.24028179757e-06	530.369332968	9.82115158575	2.71816406678	9.82115158985	-2.46391044471e-06	-6.87965449452	2.71816403884	-6.87965445467	-2.1721744913e-06	0.0695260626486	0.0	0.0	0.0	-0.0386531377497	0.0	0.0	0.0	-0.0298319189795	530.79671349	0.0693662771295
1450	725.0	nan	nan	1	1	0.25	0.25	0.25	256.5	1.0725	-3.54059771952e-19	-9.14795583035e-19	4.54009659728e-19	0.961832803893	-3.52365706058e-19	-2.47333620598e-19	1.89735380185e-19	0.970413106235	496.587564503	10.2299722619	2.83208197205	9.17438033254	-2.46474688359e-06	-7.13410888601	2.56250763393	-7.19775069028	-2.12712745973e-06	532.034262714	9.8292527318	2.74542088884	9.82925273403	-2.36819997341e-06	-6.91580672882	2.74542086264	-6.91580669272	-2.06203782899e-06	0.06999237182	0.0	0.0	0.0	-0.0389146439485	0.0	0.0	0.0	-0.0300334154305	532.462579757	0.0698327723425
1460	730.0	nan	nan	1	1	0.25	0.25	0.25	256.5	1.073	9.50370966819e-19	7.69105916107e-19	1.96511643763e-19	0.961581406286	-1.4501204057e-18	6.40356908124e-19	-1.21972744405e-18	0.970217698763	497.906680873	10.242081875	2.8610518949	9.17856059644	-3.02045658673e-06	-7.17398089121	2.58699269742	-7.23841282607	-2.37219608878e-06	533.694471369	9.83828339733	2.77293670412	9.83828342463	-2.90137378827e-06	-6.95303533758	2.77293668296	-6.95303529096	-2.29913676702e-06	0.0704584636486	0.0	0.0	0.0	-0.0391760516132	0.0	0.0	0.0	-0.0302348009513	534.123832684	0.0702990539463
1470	735.0	nan	nan	1	1	0.25	0.25	0.25	256.5	1.0735	-6.5390943528e-19	-1.31459513414e-18	-2.03287907341e-20	0.961330172174	-8.2670415652e-19	-7.35224598217e-19	4.06575814682e-19	0.970022434979	499.220176711	10.2552740601	2.89018286336	9.18370229084	-2.91814621312e-06	-7.2149794479	2.61159029115	-7.2802166215	-2.48615212417e-06	535.349963698	9.84834928906	2.80059751846	9.84834932035	-2.8023554529e-06	-6.99134085724	2.8005974774	-6.99134082311	-2.40909028897e-06	0.0709243383367	0.0	0.0	0.0	-0.039437357558	0.0	0.0	0.0	-0.0304360789078	535.78048019	0.070765121858
1480	740.0	nan	nan	1	1	0.25	0.25	0.25	256.5	1.074	-3.23566585851e-19	5.42101086243e-20	-2.30392961653e-19	0.961079104465	1.24683249836e-18	-2.67662411332e-19	7.31836466428e-19	0.969827311614	500.52806783	10.2696543759	2.91935059206	9.1898978176	-2.53911708581e-06	-7.25710169601	2.63618799129	-7.32315930421	-2.31478335971e-06	537.000748316	9.8595509613	2.82828283141	9.85955098662	-2.43772121125e-06	-7.03071984174	2.82828279773	-7.03071979978	-2.24257478787e-06	0.0713899960867	0.0	0.0	0.0	-0.0396985586597	0.0	0.0	0.0	-0.0306372525977	537.432534423	0.071230975998
1490	745.0	nan	nan	1	1	0.25	0.25	0.25	256.5	1.0745	1.79570984818e-19	1.68390149914e-18	1.42301535139e-19	0.960828205832	1.00288700955e-18	-5.20078229614e-19	4.33680868994e-19	0.969632325636	501.830371692	10.2853158433	2.94843850751	9.19722809952	-2.51342875579e-06	-7.30034695691	2.66068054653	-7.36724039212	-2.01553276652e-06	538.646835637	9.87197682617	2.85587971119	9.87197685094	-2.41242085411e-06	-7.07117096246	2.85587967145	-7.07117093261	-1.95226019484e-06	0.0718554371004	0.0	0.0	0.0	-0.0399596520361	0.0	0.0	0.0	-0.0308383250768	539.080009085	0.0716966163067
1500	750.0	nan	nan	1	1	0.25	0.25	0.25	256.5	1.075	3.16790322273e-19	1.53482370042e-18	-2.43945488809e-19	0.960577478545	-1.00288700955e-18	-5.29395592034e-19	-6.50521303491e-19	0.969437474426	503.12710945	10.3023424277	2.97735079859	9.20576570042	-2.93051479083e-06	-7.3447228762	2.68498177121	-7.41246776297	-3.88941997975e-06	540.288240071	9.88570650936	2.88329542563	9.88570652499	-2.81200215842e-06	-7.11270095599	2.88329539105	-7.11270095408	-3.76655207753e-06	0.0723206615796	0.0	0.0	0.0	-0.040220635222	0.0	0.0	0.0	-0.0310392989774	540.722922776	0.0721620427577
1510	755.0	nan	nan	1	1	0.25	0.25	0.25	256.5	1.0755	-3.55753837847e-19	-8.02987233997e-19	-4.60785923306e-19	0.960326924384	-1.59919820442e-18	4.49774494992e-19	7.86046575052e-19	0.969242755888	504.418307388	10.3208002153	3.00601864338	9.21556702762	-2.37343162512e-06	-7.39024678743	2.70902998221	-7.45885898642	-2.29332931972e-06	541.924981565	9.90080239601	2.91046345067	9.90080240627	-2.27684646834e-06	-7.15532593706	2.91046340243	-7.15532588401	-2.22042906491e-06	0.0727856697256	0.0	0.0	0.0	-0.0404815062596	0.0	0.0	0.0	-0.0312401763945	542.361294899	0.0726272553589
1520	760.0	nan	nan	1	1	0.25	0.25	0.25	256.5	1.076	6.30192512757e-19	-6.09863722023e-20	0.0	0.960076544572	2.16840434497e-19	-4.77726582251e-19	-3.25260651746e-19	0.969048168455	505.703989009	10.3407605928	3.03438514616	9.2266930503	-3.46626044123e-06	-7.43694277643	2.73277445699	-7.50643868909	-2.34612011918e-06	543.557077147	9.91733188399	2.93732886269	9.91733190791	-3.32432560289e-06	-7.19906854771	2.93732881019	-7.19906849003	-2.27107832706e-06	0.0732504617396	0.0	0.0	0.0	-0.0407422637697	0.0	0.0	0.0	-0.031440958879	543.99514983	0.0730922541767
1530	765.0	nan	nan	1	1	0.25	0.25	0.25	256.5	1.0765	-4.11658012366e-19	-5.69206140555e-19	-3.52365706058e-19	0.959826339906	7.04731412116e-19	1.74488787134e-19	0.0	0.968853711013	506.984176652	10.3623123167	3.06238592817	9.23921998688	-3.18467185978e-06	-7.48483536896	2.75615784733	-7.55523184399	-2.5742630676e-06	545.184542628	9.93537895007	2.96382954168	9.93537896203	-3.05346150469e-06	-7.24395184065	2.96382949332	-7.24395184506	-2.49141587859e-06	0.0737150378223	0.0	0.0	0.0	-0.0410029068151	0.0	0.0	0.0	-0.0316416475152	545.624505663	0.0735570393078
1540	770.0	nan	nan	1	1	0.25	0.25	0.25	256.5	1.077	8.13151629364e-20	1.49077798717e-19	1.01643953671e-19	0.959576310891	-1.38235776992e-18	-1.09267250196e-19	-8.40256683676e-19	0.968659382731	508.258889295	10.385566435	3.08993358198	9.25324378401	-1.98845499122e-06	-7.53395137155	2.77910222085	-7.60526554468	-2.23724927001e-06	546.807390254	9.9550488475	2.98988113599	9.95504887664	-1.90602666618e-06	-7.29000105912	2.98988107171	-7.29000102877	-2.16480685148e-06	0.0741793981743	0.0	0.0	0.0	-0.0412634347625	0.0	0.0	0.0	-0.0318422430965	547.24937987	0.0740216108784
1550	775.0	nan	nan	1	1	0.25	0.25	0.25	256.5	1.0775	-4.9974943888e-19	-1.14518854469e-18	8.13151629364e-19	0.959326457927	5.14996031931e-19	2.90532300908e-19	-2.16840434497e-19	0.968465182857	509.528137514	10.4106655897	3.11690360975	9.26888813669	-2.2834020329e-06	-7.58431332691	2.80149658224	-7.65656289097	-2.62045701582e-06	548.425623279	9.97647699465	3.01536348068	9.97647701708	-2.18817016592e-06	-7.33723730194	3.01536342374	-7.33723726708	-2.53508974852e-06	0.0746435429958	0.0	0.0	0.0	-0.0415238470872	0.0	0.0	0.0	-0.0320427463352	548.869783776	0.0744859690313
1560	780.0	nan	nan	1	1	0.25	0.25	0.25	256.5	1.078	-3.18484388168e-19	1.16551733542e-18	2.10064170919e-19	0.959076781421	7.18283939272e-19	-1.10114283143e-20	2.98155597434e-19	0.96827111065	510.791931408	10.4377739713	3.14313657168	9.28629563381	-2.36900734951e-06	-7.63594192874	2.82319876337	-7.70914494897	-2.40039901989e-06	550.039244454	9.99981931195	3.04012271169	9.99981933958	-2.26960705501e-06	-7.38567986256	3.0401226395	-7.38567981557	-2.32172780631e-06	0.0751074724868	0.0	0.0	0.0	-0.0417841432567	0.0	0.0	0.0	-0.0322431579331	550.485725485	0.0749501139034
1570	785.0	nan	nan	1	1	0.25	0.25	0.25	256.5	1.0785	-4.4723339615e-19	-1.74827600313e-18	8.19927892942e-19	0.958827281807	2.65629532259e-18	-6.84402621381e-19	-8.94466792301e-19	0.968077165327	512.050279028	10.4670531553	3.16845925625	9.30560608177	-2.54791665366e-06	-7.68885252814	2.84405469043	-7.76302746076	-2.41620154073e-06	551.648254353	10.0252290521	3.06399177219	10.0252290858	-2.44036670873e-06	-7.43534285232	3.06399170065	-7.4353428111	-2.3365367966e-06	0.0755711868471	0.0	0.0	0.0	-0.0420443227101	0.0	0.0	0.0	-0.0324434786358	552.097212386	0.0754140456336
1580	790.0	nan	nan	1	1	0.25	0.25	0.25	256.5	1.079	6.23416249179e-19	-1.25360876194e-19	3.18484388168e-19	0.958577959475	-1.42301535139e-18	-3.26107684693e-19	-3.7947076037e-19	0.967883346167	513.303195614	10.4986166662	3.19272157235	9.32691618485	-2.70013438297e-06	-7.74305101598	2.86393138396	-7.81821656902	-2.43497579144e-06	553.252661305	10.0528132958	3.08682609467	10.052813318	-2.58547841952e-06	-7.48623122526	3.08682601922	-7.48623118388	-2.35421305697e-06	0.076034686276	0.0	0.0	0.0	-0.0423043849317	0.0	0.0	0.0	-0.0326437091256	553.704256439	0.0758777643588
1590	795.0	nan	nan	1	1	0.25	0.25	0.25	256.5	1.0795	6.14945919707e-19	-9.08019319457e-19	2.71050543121e-20	0.958328814684	-2.71050543121e-19	1.33831205666e-19	-5.69206140555e-19	0.967689652582	514.550698191	10.5324903644	3.21581902979	9.35024458836	-2.28501663946e-06	-7.79853017749	2.8827371206	-7.87470520275	-2.95421381769e-06	554.852475591	10.0825950909	3.10852530871	10.0825951174	-2.18741216507e-06	-7.5383372643	3.10852523078	-7.53833720919	-2.85564838524e-06	0.0764979709727	0.0	0.0	0.0	-0.0425643295423	0.0	0.0	0.0	-0.0328438499477	555.306867428	0.0763412702273
1600	800.0	nan	nan	1	1	0.25	0.25	0.25	256.5	1.08	-2.47333620598e-19	1.01643953671e-20	2.84603070277e-19	0.958079847456	1.16551733542e-18	-2.03287907341e-20	6.50521303491e-19	0.967496084226	515.792805267	10.568595007	3.23770982912	9.37551659033	-2.72854285399e-06	-7.85527198102	2.90043658042	-7.93247541895	-2.55987881115e-06	556.447709128	10.114496872	3.12904971268	10.1144968974	-2.61130624682e-06	-7.59164280695	3.12904963808	-7.59164276417	-2.47396724268e-06	0.0769610411361	0.0	0.0	0.0	-0.0428241564094	0.0	0.0	0.0	-0.033043901398	556.905051998	0.0768045634076
